chromosome geneName geneId transId transLenTrue Ps piS Ss_p Pn piN Sn_p Ds kS Ss_d Dn kN Sn_d DoS alphaMK
3R Anp FBgn0000094 FBtr0085611 272 6 0.0134188527581417 39.9496666666667 4 0.0013452158799572 131.050333333333 1 0.024390243902439 41 11 0.0991420400381315 131125 0.711445587715087 0.939393939393939
3R CecA1 FBgn0000276 FBtr0085612 339 20 0.0747623380927941 47.296745 8 0.00329109158017465 141.703255 1 0.020979020979021 47.6666666666667 1 0.00707547169811321 141.333333333333 0.210039986314492 0.6
3R CecB FBgn0000278 FBtr0085640 425 17 0.0695762721623738 46.0762016666667 8 0.00292798458019878 142.908798333333 1 0.0216606498194946 46.1666666666667 1 0.00700116686114352 142.833333333333 0.203884454463329 0.529411764705882
2L Lsp1beta FBgn0002563 FBtr0078025 2605 121 0.0289602216641345 502.638666666664 44 0.00115742624453661 1864.34633333334 15 0.0298804780876495 501.999999999998 11 0.00589812332439676 1865.00000000001 0.126420416443132 0.504132231404959
2R nec FBgn0002930 FBtr0089052 1633 20 0.00711636037611765 342.95041 18 0.00113905983175444 1085.09759 35 0.104600484261501 344.166666666666 39 0.035983392280486 1083.83333333333 0.117979542911108 0.192307692307692
2L ninaD FBgn0002939 FBtr0081031 1727 27 0.00747557928462249 348554 26 0.00139612881785371 1190431 33 0.0949185043144775 347.666666666667 11 0.00923335198656967 1191.33333333333 -0.0687158765287837 -1.88888888888889
3R Rm62 FBgn0003261 FBtr0078652 2995 15 0.00253877955968596 535.674499999999 6 0.00013076322100704 1621.32550000001 39 0.0728291316526612 535.499999999999 14 0.00863398088189945 1621.50000000001 0.0570030086916156 -0.114285714285714
3R Jon99Ci FBgn0003358 FBtr0085511 907 34 0.0148573481846907 204.767466666667 18 0.00192730842583947 611.217533333334 55 0.294689450526962 203.604166666667 30 0.0538867154277938 612.395833333333 0.0397653255234375 0.0294117647058822
2L Uro FBgn0003961 FBtr0079486 1262 77 0.0466559926827012 241.502127333334 28 0.00206577283329009 814.482872666666 18 0.0743801652892561 242 3 0.00368550368550369 813.999999999999 0.00481091667507852 -1.18181818181818
3L LysP FBgn0004429 FBtr0072633 615 31 0.0684752703965001 99.6559833333333 11 0.00210781331139642 323.329016666667 12 0.120805369127517 99.3333333333333 3 0.00926879505664263 323.666666666667 0.0413949034069875 -0.419354838709677
3L LysS FBgn0004430 FBtr0072631 492 23 0.0211029573731314 97.0726666666666 8 0.00196886440419241 322.912333333333 12 0.124137931034483 96.6666666666666 3 0.00927835051546392 323.333333333333 -0.015791957139493 -0.391304347826087
3L LysX FBgn0004431 FBtr0072637 564 21 0.0359254257205677 100.811830413333 26 0.00635594347683343 325.185940826667 7 0.0683482506102523 102.416666666667 7 0.0246090745962574 325.083333333333 0.114410263216618 -0.238095238095238
3R B52 FBgn0004587 FBtr0300588 3966 4 0.00191022651622003 118.166666666667 4 0.00140759504388229 322.833333333333 1 0.00850460666194189 117.583333333333 2 0.00618397320278279 323.416666666667 -0.00324726715593948 0.5
3L Eig71Ee FBgn0004592 FBtr0075585 1486 36 0.010808597322614 328.185434333333 48 0.00330002068910624 1006.81456566667 20 0.0608596424496006 328625 34 0.0337846230281953 1006375 0.123063231337635 0.215686274509804
3R CanA1 FBgn0010015 FBtr0085732 2628 82 0.0209369817719849 444.164333333332 26 0.00076667269723167 1421.83566666667 19 0.0427286356821591 444.666666666665 2 0.00140712945590994 1421.33333333334 -0.00344274886176838 -2.01219512195122
2R Jheh1 FBgn0010053 FBtr0086625 1486 51 0.0254637248184611 336.426166666666 18 0.000585138476411447 1085.58883333333 39 0.115612648221344 337.333333333333 11 0.0101413644744929 1084.66666666667 0.0581813504190431 -0.251336898395722
3R Taf1 FBgn0010355 FBtr0304903 6873 42 0.00355387513439848 1461.35266666666 29 0.000545670359933907 5054.64733333334 157 0.107228229937394 1464.16666666666 38 0.00752202170829071 5051.83333333334 -0.0675538433782487 -1.85275689223058
2R Def FBgn0010385 FBtr0088432 399 5 0.0105234972748142 62627 7 0.00445312611022646 213373 6 0.0954907161803713 62.8333333333334 2 0.00938232994526974 213.166666666667 -0.207874766005105 -3.2
2R Dro FBgn0010388 FBtr0087436 355 11 0.0208186710615243 53.3459216666667 10 0.00407011813171599 138.654078333333 3 0.05625 53.3333333333333 1 0.00721153846153846 138.666666666667 -0.0498958234907394 -1.72727272727273
2R Nup214 FBgn0010660 FBtr0071996 5334 103 0.00611040736261485 1307.0356375 137 0.00208520536413792 3825.96436249998 133 0.101769488283118 1306875 122 0.0318922981407053 3825.37499999998 -0.0158250070648834 -0.450023873945568
3L SsRbeta FBgn0011016 FBtr0075453 950 6 0.00233832130378782 141.1435 8 0.000414353180702765 428.856500000001 12 0.085207100591716 140.833333333333 1 0.00233009708737864 429.166666666667 -0.123909124817891 -15
3L cue FBgn0011204 FBtr0072706 2801 90 0.0272688785080345 454.111666666666 29 0.00106345494470569 1477.88833333333 28 0.0617079889807164 453.749999999999 10 0.0067647556232031 1478.25 0.061259837394601 0.0977777777777777
3R alpha-Man-II FBgn0011740 FBtr0082031 3999 54 0.00409326236512837 783.001500000003 47 0.00104014921969678 2540.9985 97 0.12397486420279 782.416666666669 14 0.00550837732384669 2541.58333333333 -0.160082145167712 -5.03042328042328
2R AttA FBgn0012042 FBtr0087437 790 62 0.0836521401207155 165.766549333333 25 0.00437084094409646 497.233450666667 16 0.0957605985037406 167.083333333333 5 0.0100823391026718 495.916666666667 0.0456018721270725 -0.290322580645161
3R mtd FBgn0013576 FBtr0306694 5689 25 0.00316580884683033 964.421833333339 17 0.000328065980731539 3067.57816666665 61 0.063168795305488 965.666666666673 11 0.00358734645070118 3066.33333333332 -0.040159389060961 -2.77090909090909
2R Cyp6a8 FBgn0013772 FBtr0087455 1781 52 0.0209921571790885 353103 16 0.000964464065750101 1164.882075 32 0.0936613055818354 352.333333333333 20 0.0171575636259651 1165.66666666667 0.110899403478809 0.507692307692308
2L Hf FBgn0014000 FBtr0081306 896 21 0.0181561529598863 155.04638416 18 0.00431020892282683 486.93861584 13 0.0844612885760693 153.916666666667 4 0.00819532183711797 488.083333333334 -0.103403341179618 -1.78571428571429
X Spat FBgn0014031 FBtr0070913 1410 78 0.0339610445291458 289.005683333333 7 0.000137517793539818 892.994316666665 22 0.075993091537133 289.5 2 0.00224089635854342 892.499999999999 0.0246105644950717 0.0128205128205129
2L Sr-CI FBgn0014033 FBtr0077467 2055 92 0.0259595298046625 453.304659333332 97 0.00584247137771436 1433.69534066667 33 0.0727406318883175 453.666666666666 42 0.03 1433.33333333334 0.10828347159023 0.171583850931677
2R Cyp4e2 FBgn0014469 FBtr0088745 1783 25 0.00920243468222677 370.132999999999 9 0.000823606930609302 1207867 45 0.121430177647853 370.583333333333 8 0.00662571606045966 1207.41666666667 -0.0304059565415165 -1025
2R Mtk FBgn0014865 FBtr0087386 268 3 0.0204766947227318 41.6888333333333 5 0.0123880231921097 114.311166666667 2 0.0484848484848485 41.25 1 0.00871459694989107 114.75 -0.224585320470705 -2.33333333333333
3R Fer2LCH FBgn0015221 FBtr0332169 1118 34 0.0182387840430148 174748 5 0.000205868463003435 533252 8 0.0458452722063037 174.5 2 0.00374882849109653 533.5 0.0644287928240224 0.411764705882353
2L Try29F FBgn0015316 FBtr0301665 932 54 0.031712089759588 208.392761 19 0.00143119344661015 592.590574000001 17 0.0812749003984063 209.166666666667 3 0.00506899464939453 591.833333333334 0.0155250359575448 -0.993827160493827
3R alpha-Est2 FBgn0015570 FBtr0081540 1958 17 0.00673347768798109 388.839183333332 24 0.00159953921668063 1309.09789166667 65 0.169774919614148 388.749999999999 12 0.00916555279740309 1309.25 -0.140730755174382 -6.64705882352941
2L crq FBgn0015924 FBtr0078087 2775 25 0.00231738374766726 334.48692 9 0.000176349055916233 1138.51308 36 0.107196029776675 335.833333333333 17 0.0149593018992447 1136.41666666666 0.0517444086120954 0.237647058823529
2L Lectin-galC1 FBgn0016675 FBtr0081201 759 5 0.00106439632753641 127.920666666667 9 0.00178917688054452 430.079333333334 19 0.156351791530945 127.916666666667 9 0.0209261770974617 430.083333333334 -0.508953650273626 -2.8
3L Pitslre FBgn0016696 FBtr0078247 3355 27 0.00315185223809486 659.965333333334 18 0.000313942963325346 2196.03466666667 65 0.0983110662969498 661.166666666667 19 0.00865669375047458 2194.83333333334 -0.00965517720464033 -1.28070175438596
3R Surf4 FBgn0019925 FBtr0083117 1641 20 0.00614695154834155 196.805666666667 2 3.5876455222228e-05 613.194333333333 8 0.0405405405405405 197.333333333333 2 0.00326441784548422 612.666666666667 0.0687190552083272 0.6
2L Sr-CIII FBgn0020376 FBtr0077466 1168 45 0.0340580947156903 203.324931333333 74 0.00735117356686789 756.318068666666 11 0.0543657331136738 202.333333333334 20 0.0263968323801144 757.666666666666 0.149320060602441 0.0955555555555556
2R Sr-CII FBgn0020377 FBtr0088004 2043 80 0.0296998557689493 396.567586463333 87 0.00543280774451671 1400.43230142667 25 0.0655737704918034 396.499999999999 10 0.00714030703320242 1400.5 -0.0564399066982319 -1.71875
X Tsf1 FBgn0022355 FBtr0074559 2017 97 0.0227919286445796 469.295508333332 39 0.000746368697737764 1453.70449166667 36 0.0786049393644333 470.708333333332 11 0.007574236121073 1452.29166666667 0.0561807058284183 -0.315838800374883
3L aay FBgn0023129 FBtr0076457 1529 21 0.0188890542992148 194.58 6 0.000702338589353102 615.42 5 0.0256191289496157 195.166666666667 2 0.00325291406885335 614.833333333333 0.0768172261335836 0.285714285714286
2L vig FBgn0024183 FBtr0080718 3209 38 0.00474195455943018 334.978333333333 14 0.000342551812079543 1135.02166666667 24 0.0716952949962659 334.75 4 0.00352811466372657 1133.75 -0.020469876992808 -1.21052631578947
3R Mekk1 FBgn0024329 FBtr0083684 5246 153 0.0192318730406437 1113.05123 25 0.000404888550902643 3599.94876999997 90 0.0809443507588531 1111875 10 0.00277690999340486 3601.12499999997 0.0125496097144224 -0.470588235294118
3R MED6 FBgn0024330 FBtr0082161 1758 8 0.00404548822939421 170.7116 7 0.000788600601621286 576.2884 14 0.0821515892420537 170.416666666667 3 0.00520306402659344 576.583333333334 -0.103570717308207 -3.08333333333333
X DIP1 FBgn0024807 FBtr0077371 3553 1 0.000307212577006161 287.333333333333 1 1.27668163080574e-05 939.666666666665 1 0.00347222222222222 288 2 0.00212992545260916 938.999999999998 0.340299149515917 0.5
2R Cyp6g1 FBgn0025454 FBtr0087992 2061 65 0.0227917536250319 367.026640333333 27 0.0011298326945947 1204.97335966667 43 0.119402985074627 368.499999999999 17 0.0141254673867885 1203.5 0.0585555224975349 -0.0506787330316743
3R CREG FBgn0025456 FBtr0089896 899 24 0.022765748358643 147.3066125 20 0.00297547746264276 485.693387500001 7 0.0474576271186441 147.5 3 0.00617919670442842 485.500000000001 -0.000387536302927718 -0.944444444444445
2R IM2 FBgn0025583 FBtr0086664 367 7 0.0265166063061639 34.6276666666667 2 0.00202766023810115 100.372333333333 3 0.0857142857142857 35 1 0.01 100 0.0334419720874842 0.142857142857143
2L CaBP1 FBgn0025678 FBtr0080837 1723 45 0.0220776987333159 308.149333333333 21 0.000741671591776432 990.850666666665 17 0.0552097428958052 307.916666666667 2 0.00201799377785252 991.083333333331 0.00276066946105955 -2.96666666666667
2L santa-maria FBgn0025697 FBtr0079464 2302 90 0.0313664018761202 392.40487 47 0.0012845156444616 1296.56513 30 0.0768737988468931 390.25 15 0.0115495668912416 1298.75 0.0912758104195392 -0.0444444444444445
2L CG5885 FBgn0025700 FBtr0079900 890 39 0.0254464361838007 133.794053333333 3 6.87911421026276e-05 436.205946666667 6 0.0450563204005007 133.166666666667 1 0.00228920259442961 436.833333333334 0.045654901476777 0.538461538461538
3R mbo FBgn0026207 FBtr0082668 2566 62 0.01192051866545 507.989499999998 31 0.0020458434371567 1598.01050000001 47 0.0946434439697671 507.166666666665 44 0.0293964349004481 1598.83333333334 0.0905081746045998 0.465909090909091
3R alpha-Man-IIb FBgn0026616 FBtr0083179 5384 124 0.0182260581605309 885.698875333338 38 0.000961604635979494 2861.23657666666 100 0.112676056338028 887.500000000005 15 0.00524567232033574 2859.49999999999 -0.00563141994031485 -1.04301075268817
2R fat-spondin FBgn0026721 FBtr0086975 2475 65 0.0151821050579561 548.001796666665 38 0.000866703049369852 1740.99820333334 55 0.102096627164996 548.499999999999 14 0.00804366561332948 1740.50000000001 0.0190268893975904 -1.2967032967033
2L Ugt37b1 FBgn0026755 FBtr0079242 1740 81 0.0272653949721804 380.983337333333 53 0.00388817688103132 1230.01666266667 40 0.110103768432551 381.458333333333 43 0.0358403475427641 1227.66666666667 0.120769054330119 0.391329313809934
2L Tehao FBgn0026760 FBtr0080502 2749 120 0.0321364203172812 570.066691666666 35 0.00114257878753676 1814.94830833334 55 0.0964066608238389 570.499999999999 23 0.012675668228162 1814.50000000001 0.0818694369411432 0.302536231884058
X CG4325 FBgn0026878 FBtr0070342 583 10 0.00500128272340089 99.3226666666667 7 0.000826533530043722 374.677333333333 11 0.110367892976589 99.6666666666667 6 0.0160284951024043 374.333333333333 -0.015014260741877 -0.283333333333333
X Tcp-1zeta FBgn0027329 FBtr0074086 1924 84 0.0261058257668695 388.411999999999 10 8.26242795171596e-05 1210588 20 0.0514138817480721 388.999999999999 4 0.00330578512396694 1210 0.057258118331623 0.404761904761905
2L Tps1 FBgn0027560 FBtr0077431 2920 129 0.0289163997443711 592.823333333333 3 0.000122463759107995 1834.17666666667 49 0.0877822325385103 592375 15 0.00872112829597326 1834.62500000001 0.0861540024619577 0.924031007751938
3R CG10345 FBgn0027562 FBtr0083360 2423 58 0.0193025298362626 390.373999999999 11 0.000193728789163125 1265626 28 0.0717642033319095 390.166666666666 7 0.00552995391705069 1265.83333333333 0.0616075519946278 0.241379310344828
3R CG4757 FBgn0027584 FBtr0082339 1729 52 0.0150565551464443 392.038504166666 53 0.0029718870746534 1257.89849583333 53 0.135347946371569 391.583333333333 12 0.00953579233163366 1258.41666666667 -0.0990275059097532 -3.50160256410256
3R glob1 FBgn0027657 FBtr0083245 961 15 0.0191986996500767 106.881833333333 8 0.00159802957220301 352.118166666667 5 0.0467289719626169 107 1 0.00284090909090909 352 -0.0195292334628656 -1.66666666666667
3R MP1 FBgn0027930 FBtr0300936 1495 5 0.00247705420656368 291.847666666667 6 0.000153117666860964 905.152333333332 29 0.0995280995280994 291375 27 0.0298136645962733 905.624999999999 0.172287158814179 -0.288888888888889
3R TotA FBgn0028396 FBtr0083971 579 16 0.0132442084293167 90.1862746666667 12 0.00130181454748421 296.813725333333 6 0.0662983425414365 90.5 14 0.0472175379426644 296.5 0.326459098623511 0.678571428571429
2R Nxt1 FBgn0028411 FBtr0072241 527 16 0.00381797385975257 89.6683333333333 0 0 309.331666666667 13 0.141818181818182 91.6666666666666 7 0.0227765726681128 307.333333333333 0.138379699518367 1
3R ECSIT FBgn0028436 FBtr0078647 1330 6 0.000644583236127145 277978 9 0.000623287758134501 949.021999999998 49 0.180045011252813 277.708333333333 9 0.00948075319317037 949.291666666664 -0.441578316428265 -7.16666666666667
2R CG8801 FBgn0028473 FBtr0088554 2181 76 0.0195999970857641 459.901833333332 8 6.14227714715637e-05 1496.09816666667 19 0.041237113402062 460.749999999998 5 0.00334392242099983 1495.25 0.0718837075371466 0.6
2L CG9008 FBgn0028540 FBtr0080576 1987 35 0.0182132738975952 206.723833333334 2 7.50238844048024e-05 684.276166666666 10 0.0483870967741935 206.666666666667 1 0.00146127618119825 684.333333333333 0.0252121317171163 0.428571428571429
2L TM9SF4 FBgn0028541 FBtr0080532 2461 70 0.0160382075946098 461.469166666666 16 0.000330004535925587 1428.53083333334 38 0.0824593128390598 460.833333333333 4 0.00279883381924198 1429.16666666667 0.0126664520029368 -1.17142857142857
2L CG15263 FBgn0028853 FBtr0080729 1048 55 0.0339461661375549 200.639439666667 58 0.00531344997302564 675.297560333333 19 0.0946058091286306 200.833333333334 4 0.00592446309553197 675.166666666666 -0.0764092332148848 -4.00909090909091
3L Uba2 FBgn0029113 FBtr0076734 2329 51 0.0103164470460114 467.612629999999 32 0.00147691341647888 1632.37237 38 0.0810810810810813 468.666666666665 15 0.00919493257049446 1631.33333333334 -0.0233790678006863 -0.589542483660131
3L Hml FBgn0029167 FBtr0075753 11756 516 0.032321033687449 2599.01679816668 234 0.00143984821389276 8929.98320183342 221 0.0854051454676601 2599.37500000001 62 0.00705516749023609 8929.62500000008 0.0336564011784691 -0.616466616654163
3R Aos1 FBgn0029512 FBtr0082593 1167 24 0.00439565658416216 249.600794666667 21 0.00173455619958567 761.399205333333 32 0.128772635814889 248.5 7 0.00918032786885246 762.5 -0.216405240852066 -3
X CG13365 FBgn0029529 FBtr0070160 499 7 0.00387720345907498 79.5033333333333 1 0.000230069757721182 262.496666666666 10 0.138947368421053 79.1666666666666 2 0.00760938490805327 262.833333333333 -0.0040941266219859 0.285714285714286
X CG16756 FBgn0029765 FBtr0070776 521 25 0.0360296129134263 108.3965 13 0.00175927922768694 347.6035 13 0.119907763259032 108.416666666667 3 0.00863102373531527 347.583333333333 0.0205917726385816 -1.25333333333333
X CG12116 FBgn0030041 FBtr0071240 1570 37 0.0218962335926879 189.446108516667 31 0.00307594153992547 629.553891483333 12 0.0634920634920634 189 6 0.00952380952380952 630 0.00726002816336409 -0.675675675675676
X CG15369 FBgn0030105 FBtr0071309 444 20 0.0293055275093918 88.9364875 16 0.00446878326486883 277.0635125 9 0.099128040385498 90.7916666666666 18 0.0763058289174867 275.208333333333 0.302641859306506 0.6
X Vago FBgn0030262 FBtr0073427 684 16 0.0161167551282317 118.880508333333 11 0.00154911471097969 361.119491666667 5 0.0421348314606742 118.666666666667 15 0.0415129151291513 361.333333333333 0.408592834416796 0.770833333333333
X CG1749 FBgn0030305 FBtr0073505 1432 25 0.00517647661367259 288.865706666667 23 0.00247107199680665 923.134293333331 20 0.0689061154177433 290.25 4 0.00433957146731761 921.749999999998 -0.263872703639236 -3.6
X Spase25 FBgn0030306 FBtr0073506 821 16 0.00400971115289597 139.164166666667 7 0.000152930048133617 457.835833333334 9 0.064748201438849 139 1 0.00218340611353711 458.000000000001 -0.00411725488322928 -2.9375
X PGRP-SA FBgn0030310 FBtr0073509 1018 27 0.0186863489200187 151.489166666667 9 0.000338518810792593 457.510833333334 11 0.072289156626506 152.166666666667 5 0.0109449106165633 456.833333333334 0.113702073107661 0.266666666666667
X regucalcin FBgn0030362 FBtr0073578 1083 53 0.0325276163097533 239.183166666667 10 0.000226516610512973 717.816833333333 16 0.0664359861591695 240.833333333334 4 0.00558529206423086 716.166666666666 0.0706349173041604 0.245283018867924
X spheroide FBgn0030774 FBtr0074363 1263 42 0.022819831336862 191.032126333333 21 0.00372910127496388 555.967873666667 14 0.0729483282674771 191.916666666667 14 0.0252214382224891 555.083333333333 0.116455116245197 0.5
X psh FBgn0030926 FBtr0074629 1645 75 0.0326359685403329 299.793796666667 28 0.00120089941684629 882.206203333332 33 0.109452736318408 301.5 14 0.0170357751277683 880.499999999999 0.099191534523219 0.12
X Mur18B FBgn0030999 FBtr0074672 1615 75 0.025560088031348 355.328318666666 75 0.00410204814650644 1087.67168133333 14 0.03943661971831 354.999999999999 7 0.00643382352941177 1088 0.00196836159546759 -1
X et FBgn0031055 FBtr0308571 2368 79 0.0199000019548881 464.350193129166 64 0.00383373126798507 1470.64980687083 43 0.0948275862068968 463.999999999999 68 0.0462270564242012 1471 0.166193559684496 0.48771407297096
X Ntf-2 FBgn0031145 FBtr0077241 755 10 0.00488183584948508 89.1526666666666 0 0 300.847333333333 14 0.157598499061914 88.8333333333333 1 0.00332042058660764 301.166666666667 0.0206341217916457 1
X Cyp6t1 FBgn0031182 FBtr0077212 1785 30 0.0116742839004432 387.967214666666 13 0.000725194921614053 1199.03278533333 38 0.0975192472198461 389.666666666666 27 0.0225501113585746 1197.33333333333 0.129323123640948 0.390123456790123
2L CG5118 FBgn0031317 FBtr0077979 1801 62 0.018395954463067 363.630849999999 29 0.00187257374173579 1208.36915 31 0.0919006730099793 359.083333333333 47 0.039647577092511 1210.66666666667 0.209003655785439 0.691489361702128
2L CG15385 FBgn0031397 FBtr0077845 2635 70 0.0238938662653282 434.697999999999 23 0.00138078973678218 1326302 34 0.0782058654399082 434.749999999999 5 0.00377002827521206 1326.25 -0.0086419213210924 -1.23428571428571
2L CG3609 FBgn0031418 FBtr0077791 1223 46 0.0313938502922546 233.648666666667 13 0.00177961273261049 771.351333333333 15 0.0681818181818181 234.666666666667 8 0.0116832540025963 770.333333333332 0.0926417305446265 0.470108695652174
2L CG9664 FBgn0031515 FBtr0077605 2973 123 0.0399314367207085 443.387733803332 76 0.00268995494663881 1383.61226619667 31 0.0698854029682511 443.583333333332 7 0.00505993614842479 1383.41666666667 0.00440223094152595 -1.73635307781649
2L Sr-CIV FBgn0031547 FBtr0077560 1390 60 0.0312648457192705 270.2505254675 95 0.012309870203398 947.734474532499 17 0.0667387610072609 269.708333333333 30 0.0316358363724241 948.291666666665 0.0390851242823298 0.102777777777778
2L CG16713 FBgn0031560 FBtr0077547 325 15 0.0201229906798173 56.1683333333334 11 0.000960146075314427 189.831666666667 3 0.0535714285714285 56 6 0.0315789473684211 190 0.32531997722319 0.633333333333333
2L CG16712 FBgn0031561 FBtr0077546 359 12 0.0236445781833853 55858 3 0.00181904810628992 190142 4 0.0716417910447761 55.8333333333334 6 0.0315512708150745 190.166666666667 0.234312804751832 0.833333333333333
2L CG14040 FBgn0031676 FBtr0079009 1605 41 0.0161097302370022 285.321166666667 17 0.00110170392226941 878.678833333332 24 0.0839160839160839 286 8 0.0091116173120729 877.999999999999 0.0339352042166617 -0.24390243902439
2L Cyp4ac2 FBgn0031694 FBtr0300456 1709 92 0.0452087751453301 335.888619166666 47 0.00255607025945321 1197.09638083333 27 0.080456915818227 335.583333333333 12 0.0100215742222841 1197.41666666667 0.0572483226630853 -0.149456521739131
2L TotM FBgn0031701 FBtr0079073 552 19 0.0234524503386325 96.417653 20 0.00783366232627909 296.582347 13 0.135064935064935 96.25 14 0.0471777590564448 296.75 0.00848540803976078 0.0225563909774437
2L CG13994 FBgn0031772 FBtr0079188 631 19 0.021528151807998 109674 9 0.000678583959362569 379326 8 0.0730593607305937 109.5 10 0.0263504611330698 379.5 0.234511417106182 0.621052631578947
2L CG13795 FBgn0031937 FBtr0300709 2234 82 0.0196122116030862 414.348366333333 56 0.00195068336058977 1367.58995666667 55 0.132198297446169 416.041666666666 24 0.0175700820547235 1365.95833333333 0.0268502131688997 -0.565040650406504
2L pes FBgn0031969 FBtr0114550 2915 65 0.0206216595024695 396.088203333333 26 0.000896976801251565 1268.91179666667 30 0.080778332895083 396.145833333333 37 0.0291774137902709 1268.10416666667 0.22367225016906 0.675675675675676
2L Tg FBgn0031975 FBtr0079533 2797 144 0.0391410615907813 549.740498875832 46 0.0014980878257877 1778.25902112417 54 0.0998411617880647 550.874999999998 8 0.00506435956952941 1777.12500000001 0.0114122651478265 -1.15625
2L CG9510 FBgn0032076 FBtr0100481 1580 50 0.0210691322063734 336.771604166666 37 0.00189737730426625 1070.21339583333 18 0.05316268766921 338.583333333333 5 0.00467982216675767 1068.41666666666 -0.00170868397516659 -1664
2L IP3K1 FBgn0032147 FBtr0079869 2055 51 0.0140057767228943 312.361751666667 29 0.00107449623363687 1010.63824833333 10 0.0319659030367608 312.833333333333 4 0.00395974261672992 1010.16666666666 0.0389687235274915 -0.42156862745098
2L Etl1 FBgn0032157 FBtr0079901 3076 113 0.0201357414993932 571.328333333332 16 0.000324426456027508 1960.67166666668 35 0.0613317757009347 570.666666666665 4 0.00203942895989122 1961.33333333334 0.016325775553419 -0.238938053097345
2L CG5367 FBgn0032228 FBtr0080055 1405 36 0.0125634249475416 223.587945333334 37 0.0036894083288971 790.412054666666 17 0.0754437869822485 225.333333333334 9 0.0114116652578191 788.666666666666 -0.0956140723784456 -0.941358024691358
2L CG9928 FBgn0032472 FBtr0080496 410 9 0.0125277862774719 74.90814 18 0.00292176305493532 243.044868 6 0.0795580110497237 75.4166666666667 6 0.0247337684644452 242.583333333333 0.0480429353821926 -1
2L Ski6 FBgn0032487 FBtr0080483 911 26 0.0127755280453493 178841 5 0.000201335932262179 559159 14 0.0782122905027932 179 2 0.0035778175313059 559 0.0282288991758355 -0.346153846153846
2L CG5953 FBgn0032587 FBtr0080873 3534 79 0.0183454389868895 507.845614999997 35 0.00105930360647443 1595.15438500001 33 0.0646108663729812 510.749999999998 31 0.0207449316360207 1590.75 0.188450751790901 0.528378930175582
2L CG6639 FBgn0032638 FBtr0081004 1587 25 0.000991814525849035 363.396833333333 37 0.00192749906773735 1118.60316666667 63 0.184997699033594 362.166666666667 123 0.113182324545117 1122.08333333333 -0.280680474292742 0.241951219512195
2L CG18563 FBgn0032639 FBtr0300902 1251 9 0.00200037296251327 268.988833333334 28 0.00200478314062309 868.044166666666 35 0.138285447325391 267.5625 134 0.158187197806163 866.0625 0.0330136646951289 0.187396351575456
2L CG10333 FBgn0032690 FBtr0081072 2656 76 0.0217071204885312 577.646667333333 18 0.000554753909749005 1888.35333266667 54 0.0935199884543224 577.416666666667 7 0.00370648193090058 1888.58333333334 0.0132026874339057 -0.827067669172932
2L CG13077 FBgn0032810 FBtr0081257 1146 17 0.00988236895256562 203.691325 8 0.000317731977815869 603.308675 17 0.0831634732980023 204.416666666667 7 0.0116166505324298 602.583333333333 0.0914143193852816 -0.142857142857143
2L CG10680 FBgn0032836 FBtr0081303 1026 26 0.0127334837351077 189.785031 31 0.00307196921497709 563.214639 14 0.0737165423431329 189.916666666667 17 0.0301909131271274 563.083333333333 0.0961944403695865 0.0180995475113122
2R Ars2 FBgn0033062 FBtr0086018 3419 34 0.00582609426143352 642.171776000001 24 0.000763844913352625 2186.82822400001 72 0.112033195020747 642.666666666668 29 0.0132642171062662 2186.33333333334 -0.0100489083414885 -0.752535496957404
2R Tsp42Eh FBgn0033129 FBtr0089026 1010 11 0.00616818460859307 168.484988 11 0.000942099829044506 524.500012000001 14 0.0888450148075024 168.833333333333 13 0.0248012718600953 524.166666666668 0.0857339442540292 -0.0769230769230769
2R Gadd45 FBgn0033153 FBtr0089049 1495 7 0.00870841031415076 114152 1 2.6689142224847e-05 374848 9 0.0784883720930233 114.666666666667 1 0.00267141585040071 374.333333333334 0.0298601197108085 -0.285714285714286
2R Corin FBgn0033192 FBtr0088909 8512 73 0.00573637256227859 1033.27432966667 45 0.000635904429818784 3157.72567033332 110 0.107376058041112 1033.75000000001 12 0.003800775991765 3157.24999999999 -0.0656055773903101 -4.65068493150685
2R CG1358 FBgn0033196 FBtr0088948 3374 39 0.0105487214618966 366.666423333333 15 0.000411215902136115 1079.33357666667 23 0.0626418520199728 367.166666666666 1 0.000926927236211958 1078.83333333333 -0.0229384279739421 -7.84615384615385
2R CG2070 FBgn0033203 FBtr0088921 1105 18 0.00648673182532337 229.070514 20 0.00128944709683692 746.319486 26 0.113248638838475 229.583333333334 7 0.00939072107322527 745.416666666666 -0.0892483055121572 -3.12698412698413
2R CG14762 FBgn0033250 FBtr0304750 3801 34 0.0156331885898807 350.344999999999 5 0.000239107196929448 1143655 23 0.0654493715911787 351.416666666666 6 0.00525125811392314 1142.58333333333 0.0592101224936452 0.436274509803922
2R CG12780 FBgn0033301 FBtr0088736 432 9 0.00870428325454845 76.1351666666666 8 0.00131027296737427 223.864833333333 7 0.0927152317880795 75.5 5 0.022271714922049 224.5 0.0628522236003036 -0.244444444444444
2R PGRP-SC1b FBgn0033327 FBtr0088708 626 12 0.0083425070426697 132.56735 14 0.00160392869360904 422.35165 6 0.0452830188679246 132.5 2 0.00473372781065089 422.5 -0.0666137714762625 -2.5
2R CG8046 FBgn0033388 FBtr0088620 1878 27 0.00849216367876686 394.034897499999 54 0.00200495211629486 1162.8541025 44 0.113636363636364 395.999999999999 24 0.0223944875107666 1161 -0.0263722817099009 -2.66666666666667
2R CG12338 FBgn0033543 FBtr0088256 1126 41 0.0238173365992897 252.908324 22 0.00114689454596469 752.091676 14 0.0552995391705068 253.166666666667 4 0.0053203280868987 751.833333333333 0.0418239067651883 -0.878048780487805
2R Listericin FBgn0033593 FBtr0088191 450 14 0.0161076094791137 99.51028 11 0.00145618909375327 263.48972 5 0.0501672240802676 99.6666666666666 4 0.0151898734177215 263.333333333333 0.149504973839077 0.0178571428571429
2R casp FBgn0034068 FBtr0087259 2557 58 0.0101567607088467 467.889833333332 23 0.000744647752784252 1617.11016666667 48 0.102600641254008 467.833333333332 15 0.00927548180974954 1617.16666666667 0.0146010212003275 -0.268965517241379
2R Tsf3 FBgn0034094 FBtr0087130 2377 131 0.0468404043985609 506.363853333331 44 0.00174842982489319 1635.63614666667 33 0.0652388797364088 505.833333333332 10 0.00672611464968151 1635.41666666667 0.0574795104178037 -0.108396946564886
2R CG7997 FBgn0034117 FBtr0087171 1680 73 0.0388237680964042 288.113049666667 33 0.00163983499816204 962.886950333332 20 0.0690647482014389 289.583333333333 6 0.00624079050013003 961.416666666665 0.0423467547085153 -0.506849315068493
2R CG6426 FBgn0034162 FBtr0087042 713 12 0.0143917656175309 112.502293 5 0.000199108141552168 370.497707 5 0.0445765230312036 112.166666666667 3 0.00808988764044943 370.833333333334 0.139960134257858 0.305555555555555
2R Dcr-2 FBgn0034246 FBtr0086904 5684 85 0.00615196167144396 1177.357373 55 0.00109745723864361 3988.64262699997 128 0.111844660194175 1180.20833333333 238 0.0609722948248829 3985.41666666664 0.201428764654785 0.652001977261493
2R P32 FBgn0034259 FBtr0086892 1154 27 0.0170265043628989 179.226166666667 9 0.000221673421824288 609.773833333333 19 0.111783884489986 178.916666666667 4 0.00655648135500615 610.083333333333 0.0425516012947994 -0.583333333333333
2R IM23 FBgn0034328 FBtr0086729 468 17 0.0392938698550325 97.7347381666666 29 0.00595126824035908 253.265261833333 6 0.0620689655172414 96.6666666666666 5 0.0196592398427261 254.333333333333 0.109010254576678 -1.04705882352941
2R IM1 FBgn0034329 FBtr0086662 361 6 0.0399064353679782 35.0481666666667 2 0.000200166305910465 99.9518333333333 3 0.0861244019138756 34.8333333333333 1 0.00998336106489185 100.166666666667 0.0988858827571028 0
2R CG18107 FBgn0034330 FBtr0086663 281 7 0.0536772366010468 34.5961666666667 6 0.00763365822238615 100.388833333333 2 0.0579710144927536 34.5 2 0.0199004975124378 100.5 0.131048186280159 0.142857142857143
2R DptB FBgn0034407 FBtr0086621 449 18 0.0185519462292335 90.7870183333333 10 0.00533443429537253 269.212981666667 9 0.0992191088654111 90.7083333333333 4 0.0148537830728764 269.291666666667 -0.0931122660754762 -0.25
2R CG10073 FBgn0034440 FBtr0310321 2747 146 0.0385476080008848 646.990983333335 53 0.0020722179147977 1995.99401666667 54 0.0850132028080116 646.958333333335 37 0.0190412560547853 1995.66666666667 0.131978239098492 0.470196223620881
2R CG16898 FBgn0034480 FBtr0086325 1325 25 0.0125677135096798 268.76383 26 0.00185278479699499 952.236169999998 44 0.166486819793433 270.291666666667 32 0.0357910434668188 949.958333333331 0.0484572752130761 -0.43
2R CG11200 FBgn0034500 FBtr0086299 1688 71 0.0412937884741786 261.615074666667 19 0.000449173449205913 803.384925333332 16 0.0611464968152865 261.666666666667 1 0.0012448132780083 803.333333333332 0.00919124978623527 -3.28169014084507
2R CG13422 FBgn0034511 FBtr0086214 515 19 0.0280772317608688 110.582316666667 33 0.00328120315198775 345.417683333333 13 0.127176381529145 110.083333333333 5 0.0144543483497952 345.916666666667 -0.00257884152833372 -3.51578947368421
2R CG18067 FBgn0034512 FBtr0086216 808 26 0.030831899591053 171.440833333334 24 0.00285671845567628 563.544166666667 14 0.0821515892420537 170.416666666667 10 0.0177121771217712 564.583333333334 0.0925656663097255 -0.292307692307692
2R DMAP1 FBgn0034537 FBtr0086232 1584 71 0.0301127710621149 297.768666666667 9 0.00015688462751274 1001.23133333333 26 0.0872483221476509 298 4 0.00399600399600401 1001 0.0386116467664274 0.176056338028169
2R CG16799 FBgn0034538 FBtr0086249 720 27 0.0415400224597798 115.058654213333 12 0.00190097696292521 421.941345786667 9 0.0770328102710414 116.833333333333 5 0.0119000396667989 420.166666666667 0.0900492962731147 0.2
2R pirk FBgn0034647 FBtr0071682 1301 31 0.0401635543124791 138.289131166667 25 0.00428557488709785 452.710868833334 8 0.0575539568345324 139 9 0.0221238938053097 452 0.18125152772416 0.283154121863799
2R Swim FBgn0034709 FBtr0071784 2049 60 0.0216811606676224 305.177833333333 11 0.000668298222756662 987.822166666665 22 0.0718171926006529 306.333333333333 11 0.0111486486486487 986.666666666665 0.104474160383556 0.633333333333333
2R CG4269 FBgn0034741 FBtr0071854 539 9 0.0147461267841486 69.8266666666667 8 0.00265689677442811 236.173333333333 5 0.0719424460431654 69.5 1 0.00422832980972516 236.5 -0.0971575059205131 -3.44444444444444
2R CG4250 FBgn0034761 FBtr0309802 655 13 0.0176638558311123 92.6552126666667 12 0.00331561645652276 309.344787333333 5 0.0652173913043478 92 11 0.0354838709677419 310 0.194326703431984 0.58041958041958
2R Rrp4 FBgn0034879 FBtr0072111 1137 41 0.0283426712058152 223.8005 8 0.000169438207771632 670.1995 16 0.0715616846813268 223.583333333334 2 0.00298321939092604 670.416666666666 0.034076416945135 -0.560975609756098
2R CG11413 FBgn0035022 FBtr0072305 602 11 0.00870251222426273 109.0745 17 0.00364218853043351 317.0365 11 0.100533130236101 109.416666666667 1 0.00315872598052119 316.583333333333 -0.264578026108529 -16
2R CG2736 FBgn0035090 FBtr0072403 1726 10 0.00328423077633713 361.253833333333 6 0.000224433529859416 1159.74616666667 32 0.0913073553147338 361.416666666666 10 0.00948616600790515 1159.58333333333 0.030149320758427 -0.92
3L CG13905 FBgn0035176 FBtr0289973 913 46 0.0468260825493052 180.166642 52 0.00773548999247111 533.818358 11 0.0611677479147359 179.833333333333 13 0.0243369734789391 534.166666666667 0.142851824897337 0.0434782608695653
3L CG9153 FBgn0035207 FBtr0310555 3766 94 0.019230267706803 755.529000000003 14 0.000402572224919763 2430471 69 0.0944148936170209 752.000000000003 46 0.018898931799507 2434 0.146278945997927 0.776595744680851
3L CG12091 FBgn0035228 FBtr0072831 1824 29 0.0153492185063755 239.378666666667 6 0.000115751905080394 723.621333333333 5 0.0208478109798471 239.833333333334 2 0.00276561419681955 723.166666666666 0.109635636468965 0.482758620689655
3L CG16762 FBgn0035343 FBtr0072968 885 54 0.0401101446569437 199.438568333333 25 0.0027409343860748 562.558161666667 9 0.0453020134228188 198.666666666667 4 0.00710059171597633 563.333333333334 0.0715365529847202 -0.0416666666666667
3L Cyp4d20 FBgn0035344 FBtr0072967 1817 108 0.046633879018072 372.0913535 67 0.00361331561211498 1160.0146465 19 0.051006711409396 372.5 9 0.00777537796976243 1157.5 0.0603638173721653 -0.309670781893004
3L CG16985 FBgn0035355 FBtr0072929 641 19 0.0296032673923776 103.862166666667 5 0.000174605299650314 343.137833333334 11 0.105515587529976 104.25 2 0.00583515681983953 342.75 0.0465398009060194 -0.447368421052631
3L CG16986 FBgn0035356 FBtr0072930 769 27 0.0241001213410413 98.6997233333332 4 0.000215989875968134 330.300276666667 5 0.0506756756756757 98.6666666666666 5 0.0151362260343088 330.333333333333 0.221109646998571 0.851851851851852
3L Jon65Aiii FBgn0035665 FBtr0077041 875 26 0.0144507688923772 216.9983 12 0.00159547897543207 605.0017 6 0.0275492634398316 217.791666666667 28 0.0463992266795553 603.458333333334 0.528023299861681 0.901098901098901
3L PGRP-SD FBgn0035806 FBtr0076807 721 16 0.00938419869147149 131.428733333333 24 0.00351473900102404 426.556266666667 12 0.0918367346938776 130.666666666667 5 0.0117004680187207 427.333333333334 -0.159475446404917 -2.6
3L CG8492 FBgn0035813 FBtr0306682 4388 158 0.0200900274975071 1003.24354025834 221 0.0051445514123723 3076.72645974166 77 0.0778475485507545 1001.95833333334 57 0.0188523369042621 3076.54166666666 -0.00891194137939566 -0.889518099045081
3L ergic53 FBgn0035909 FBtr0076626 2463 59 0.0132990586024545 359.646333333333 23 0.000858240051599234 1176.35366666667 15 0.0445863570391873 358.854166666666 6 0.00509707449161992 1177.14583333333 0.0419692934210765 0.0254237288135594
3L PGRP-LA FBgn0035975 FBtr0076435 1698 54 0.0239164592324383 267.749005875 35 0.00212500064786869 836.250993749999 19 0.0709617180205415 267.75 12 0.0143497757847534 836.249999999999 0.086603811046216 -0.0262345679012346
3L PGRP-LC FBgn0035976 FBtr0089492 2579 35 0.0143916221000482 370.953350833333 23 0.0017615746424626 1162.03164916667 7 0.0216045909755823 370.291666666666 9 0.00774054828883713 1162.70833333333 0.154721921756777 0.488888888888889
3L CG4080 FBgn0035983 FBtr0076494 2771 86 0.0287036631107428 435.675441666666 28 0.000586397890248404 1415.32455833334 20 0.0459066564651876 435.666666666666 4 0.00282618935468676 1415.33333333334 0.0379731506824097 -0.627906976744186
3L Tsf2 FBgn0036299 FBtr0075966 2884 142 0.032700193421775 575.005909999999 44 0.00131015732361662 1881.99409000001 45 0.0785683107813183 572.749999999999 4 0.00212286055459731 1884.25000000001 -0.0122138501869741 -2.48591549295775
3L CG6888 FBgn0036490 FBtr0075644 743 29 0.0224563593072592 136.009833333333 1 2.21308476812325e-05 451.990166666667 6 0.0441717791411043 135.833333333333 1 0.00221157390342794 452.166666666667 0.0466958025416299 0.793103448275862
3L PDCD-5 FBgn0036580 FBtr0075483 650 11 0.0266007269913205 80389 1 3.13936694622993e-05 318611 12 0.149222797927461 80.4166666666667 2 0.00627779230970442 318.583333333333 0.0391927117874893 0.454545454545454
3L CG18135 FBgn0036837 FBtr0075045 3142 35 0.00760558128675178 561.802999999999 30 0.000455642374361321 1748.08600000001 34 0.0605161673094038 561.833333333332 4 0.00228811135475259 1748.16666666667 -0.0200903187456049 -6.28571428571429
3L CG5618 FBgn0036975 FBtr0078179 1938 15 0.00469475353410336 354.955833333333 18 0.00156300819743833 1175.04416666667 40 0.112175741995794 356.583333333333 9 0.00766990980754209 1173.41666666667 -0.18577289473435 -4.33333333333333
3L Toll-9 FBgn0036978 FBtr0078240 3490 19 0.00298793294665774 619.616666666667 23 0.00116382515368077 2080.38333333334 73 0.119555705149781 618.958333333333 35 0.0168185003503854 2081.04166666667 -0.156994930645006 -1.52481203007519
3L Est-Q FBgn0037090 FBtr0078354 1827 11 0.00262822059876409 410.213043333332 9 0.000850794514813944 1266.77408666667 38 0.0931562819203271 407.916666666665 22 0.0181233173550463 1269.08333333333 -0.0816875014731902 -0.413223140495868
3L CG11306 FBgn0037108 FBtr0078422 1563 10 0.00290153301963558 328.792666666667 11 0.00133824556303522 1096.20733333333 44 0.133468149646107 329.666666666667 9 0.00821667681071212 1095.33333333333 -0.257647798909772 -4.37777777777778
3L CG7158 FBgn0037116 FBtr0078462 5063 32 0.00352653661556052 1063.65483333334 35 0.000616915721054778 3394.34516666664 121 0.114455476506918 1065.91666666667 37 0.0112025549686771 3392.08333333331 -0.0597381749669335 -2.57685810810811
3L slif FBgn0037203 FBtr0078555 2744 7 0.000498921303649816 452.154666666666 18 0.00217547419034805 1359.84533333334 43 0.0974169741697419 451.666666666666 11 0.00808625336927223 1360.33333333334 -0.736800598210871 -9.05194805194805
3R CG2051 FBgn0037376 FBtr0078669 1518 5 0.00185432805223823 271219 7 0.000578256558662964 943.780999999998 21 0.0888066604995374 270.25 11 0.013771186440678 943.999999999998 -0.103461747364875 -1.67272727272727
3R CG11459 FBgn0037396 FBtr0078623 1123 3 0.00081392985758602 245.501812541667 5 0.00016039262403239 762.498187458332 38 0.163766632548618 244.25 27 0.0366612111292963 763.749999999999 0.0182951129542482 -1.34567901234568
3R Sp7 FBgn0037515 FBtr0081740 1851 15 0.00677190009576502 288.06 5 0.000617812206525362 884.939999999999 27 0.0941997383340602 286625 16 0.0180510506275561 886.374999999999 0.0772056459119114 0.4375
3R CG9636 FBgn0037556 FBtr0081806 2815 8 0.00317223325300896 198.698333333334 3 8.90652207042421e-05 713.301666666666 21 0.105704697986577 198.666666666667 3 0.00420560747663552 713.333333333332 0.0109542536451572 -1625
3R CG16749 FBgn0037678 FBtr0082057 873 10 0.00585513044894009 194663 4 0.000781252462130917 600337 29 0.148590947907771 195.166666666667 9 0.0166712975826618 599.833333333334 -0.0168447965265479 -0.288888888888889
3R Fst FBgn0037724 FBtr0082101 1177 32 0.0146054222562101 198.817235 43 0.004162221136911 659.005615 19 0.0950792326939114 199.833333333334 17 0.0258293238794632 658.166666666666 -0.00814950883483564 -0.501838235294118
3R CG3940 FBgn0037788 FBtr0082179 1410 12 0.00881075567200868 211.840640666667 18 0.000987690410375537 700.129659333333 15 0.0708661417322834 211.666666666667 6 0.00856734888148502 700.333333333332 0.00705490730772897 -2.75
3R CG14688 FBgn0037819 FBtr0113215 1165 42 0.0296217519083579 192.706656666667 15 0.00096570660991385 671.293343333333 15 0.0777202072538859 193 1 0.0014903129657228 671 -0.0127573956499073 -4.35714285714286
3R PGRP-LB FBgn0037906 FBtr0306097 926 12 0.00426956974314833 185.410166666667 15 0.00271259168472005 579.589833333334 16 0.0860215053763441 186 9 0.0155440414507772 579 -0.235458714334595 -1.22222222222222
3R CG17738 FBgn0038009 FBtr0082565 411 13 0.0141375653210987 87.6796666666666 6 0.000474350203601921 242.320333333333 5 0.056232427366448 88.9166666666666 5 0.0207397165572071 241.083333333333 0.23698119875978 0.538461538461538
3R CG9925 FBgn0038191 FBtr0082876 3193 56 0.00947307916555794 623.081475639167 84 0.00361071019784797 2052.90352436084 69 0.121693298195283 624.520833333334 142 0.0697951090548576 2048.85416666667 0.0885191558220666 0.27112676056338
3R CG9616 FBgn0038214 FBtr0300059 550 15 0.0119963815822504 107.809858333333 15 0.00178230771737393 357.175216666667 15 0.139968895800933 107.166666666667 29 0.0838379133674895 357.833333333334 0.24524698948522 0.482758620689655
3R CG3505 FBgn0038250 FBtr0082966 1185 32 0.0234511228345785 265.634392666667 23 0.00163969727819615 814.365607333332 20 0.0788732394366196 266.25 11 0.0135176651305684 813.749999999999 0.0809589936166925 -0.306818181818182
3R Rrp6 FBgn0038269 FBtr0113235 2988 60 0.00963501816204475 620.211053333335 43 0.00120222720142796 2079.78894666668 73 0.117884537747275 619.250000000001 36 0.0177820497416796 2080.75000000001 0.0201369373235982 -0.453240740740741
3R AttD FBgn0038530 FBtr0083470 742 20 0.0232147003853077 138.5164665 26 0.00385680295819482 404.4355335 12 0.0947752126366951 137.166666666667 7 0.0197125256673511 405.833333333334 0.0297129728896728 -1.22857142857143
3R CG4572 FBgn0038738 FBtr0083860 1793 27 0.00868227959830106 339.289833333333 11 0.000658499803975315 1106.71016666666 48 0.144064682102168 340125 14 0.0135639199728722 1105875 0.0155525571204206 -0.396825396825397
3R CG17271 FBgn0038829 FBtr0083993 1550 28 0.0208863842675785 172.331258333333 11 0.00187860297790652 670.668741666666 11 0.0635838150289016 173 2 0.00298507462686567 669.999999999999 -0.0376797045089316 -1.16071428571429
3R TotB FBgn0038838 FBtr0083973 526 15 0.0178576131316689 96.9967125 21 0.00460580481469752 316.7774925 6 0.0622299049265342 96.4166666666666 10 0.0314877984780897 317.583333333333 0.130949798902549 0.16
3R CG10824 FBgn0038865 FBtr0084028 1855 97 0.0284707210847459 403.991060499999 63 0.00578951694646441 1257.9939395 30 0.0741962077493819 404.333333333332 17 0.0135170951497482 1257.66666666667 -0.014881060252744 -0.146149181322013
3R fit FBgn0038914 FBtr0084153 531 21 0.0349953623865505 79.0076666666667 13 0.00662127373959873 283.992333333333 7 0.088235294117647 79.3333333333334 5 0.0176263219741481 283.666666666667 0.00740181971433654 0.133333333333333
3R CG7045 FBgn0038978 FBtr0084258 553 4 0.00107443388108573 75.3198333333334 3 0.000747273094143437 302.680166666667 7 0.105552501374381 75.7916666666667 22 0.0727974631187095 302.208333333333 -0.00203287371777433 0.761363636363636
3R Takl2 FBgn0039015 FBtr0302204 928 39 0.0278662941182594 195.108049333333 21 0.00107324122455636 647.891950666667 20 0.107946026986507 194.541666666667 17 0.0262160251879458 648.458333333333 0.158320025018417 0.366515837104072
3R CG4725 FBgn0039022 FBtr0084319 2267 108 0.0345981113059863 515.135779333331 67 0.00193562190340302 1707.86422066667 42 0.0814216478190634 515.833333333331 6 0.00351459533339841 1707.16666666667 -0.0116025533178726 -3.34259259259259
3R CG4723 FBgn0039023 FBtr0084318 2272 106 0.0291185520385306 502.762741509665 81 0.00537165250104493 1585.23725849034 31 0.0618762475049902 500.999999999998 9 0.00567107750472588 1587 -0.0717871926432359 -1.63207547169811
3R CG10208 FBgn0039118 FBtr0084461 1064 42 0.0324675691136507 202.309644565834 25 0.00254168825765782 625.690353619167 6 0.0295809367296631 202.833333333334 2 0.00319914689416156 625.166666666667 0.0249937641934745 -0.785714285714286
3R Dis3 FBgn0039183 FBtr0084605 3588 128 0.024050273995005 697.998170000003 48 0.0013806727989075 2248.00183 58 0.083303411131059 696.250000000002 25 0.0111123458162018 2249.75 0.0634048324900025 0.13
3R to FBgn0039298 FBtr0084810 1038 36 0.0197136511206604 174.311175666667 20 0.00176231874954134 572.655824333334 19 0.109615384615385 173.333333333334 2 0.00348634514816967 573.666666666667 -0.0512351693884852 -4.27777777777778
3R CHKov2 FBgn0039328 FBtr0084849 1450 36 0.0192108357154001 268.429632000001 41 0.00182702627071595 958.540367999998 31 0.1198127925117 267.083333333334 12 0.0125010851636427 959.916666666665 0.00763585481994647 -1.94212962962963
3R Vps33B FBgn0039335 FBtr0084835 2091 87 0.0268906384443029 453.146357666665 61 0.00330457182153175 1466.85364233334 47 0.103372434017596 454.666666666665 13 0.00887170154686077 1465.33333333334 -0.0304009328214146 -1.53492484526967
3R grass FBgn0039494 FBtr0085112 1317 64 0.0385052177386306 269.018333333334 19 0.000528366238730197 861.981666666665 21 0.0818858560794044 268.666666666667 2 0.00347893312717434 862.333333333332 0.0272175289198787 -2.1171875
3R Cyp6a18 FBgn0039519 FBtr0085183 1730 98 0.0312514215277218 356.154095166667 65 0.00482518125188527 1164.84590483333 36 0.101313320825516 355.333333333333 10 0.00857878181298257 1165.66666666666 -0.0556827168866379 -1.38775510204082
3R CG5527 FBgn0039564 FBtr0085255 2346 105 0.0264856875592959 497.726288333332 45 0.00293090242183238 1653.27371166667 54 0.109981669721713 500.083333333332 45 0.0284690323557619 1650.91666666667 0.105991434571145 0.485714285714286
3R CG9989 FBgn0039593 FBtr0085307 1214 49 0.0232444956967164 263.759676666667 46 0.00237111961234702 846.207323333333 23 0.0917051424932334 261.708333333334 28 0.0341863549290241 848.291666666666 0.178988723577736 0.228862973760933
3R CG14529 FBgn0039609 FBtr0085328 2127 79 0.0179378011078631 477.341062166665 67 0.00164256899067389 1565.65893783334 43 0.0921546382755916 477.458333333332 23 0.014691400739893 1565.54166666667 0.0536121017839926 -0.585580627407815
3R CG11842 FBgn0039629 FBtr0085362 1118 44 0.0315682998179346 226.4694875 35 0.00287544724886622 730.5305125 19 0.0834248079034028 227.75 13 0.0191978059650326 729.25 0.103589469610933 -0.162587412587412
3R Vps16B FBgn0039702 FBtr0085533 1531 60 0.0276158999370086 316.621120833333 36 0.00254778374775784 1024.37871416666 29 0.0950118764845606 315.75 2 0.00195074372104365 1025.25 -0.0643467591717692 -7.7
3R Npc2h FBgn0039801 FBtr0085722 812 38 0.0366166556092254 112.932479166667 15 0.000961293937079316 358.067520833333 7 0.061493411420205 113.833333333333 1 0.00279981334577695 357.166666666667 0.0179662341570175 -1.76315789473684
2L lectin-33A FBgn0040096 FBtr0113317 612 13 0.0272145306426676 124.30512 28 0.00283359997128798 406.64988 7 0.0647773279352227 123.5 7 0.0171779141104294 407.5 0.115299125234905 -1.15384615384615
2L lectin-24A FBgn0040104 FBtr0077539 974 11 0.00626469834561843 187.015562968 44 0.00984769497393274 656.883372032 18 0.106904231625835 187.083333333333 58 0.0882241095195842 657.416666666667 -0.159053843537279 -0.241379310344828
2L Ugt36Bc FBgn0040260 FBtr0080911 1934 72 0.036391770974464 362.790348666666 44 0.00247549792546495 1266.20965133333 36 0.0992647058823531 362.666666666666 11 0.00868649644643327 1266.33333333333 0.0167758105082098 -1
X Scamp FBgn0040285 FBtr0074079 2391 37 0.0141734801069817 243.889675 8 0.000101918555116471 785.110249999999 14 0.0575145498117082 243.416666666667 3 0.00381881828789647 785.583333333333 0.0551238521443406 -0.00900900900900914
3L GNBP3 FBgn0040321 FBtr0076510 1531 65 0.0237586508242875 347.504050833333 47 0.00201504917833215 1122.49594916667 20 0.0636911942098915 345.416666666666 11 0.00978140051871065 1124.58333333333 0.0549475392345927 -0.314685314685315
3L GNBP2 FBgn0040322 FBtr0075094 1501 44 0.020084299616924 304.7365 22 0.00135186857623688 1078.2635 33 0.108344733242134 304.583333333333 11 0.0102001390928058 1078.41666666666 0.0229796979546994 -0.5
3L GNBP1 FBgn0040323 FBtr0075050 1785 40 0.0152948432038931 352.240532499999 31 0.00174384398978753 1123.7594675 41 0.116106194690266 353.124999999999 9 0.00890571078704219 1122875 -0.0311072460958987 -2.53055555555556
X TRAM FBgn0040340 FBtr0070167 2100 43 0.0195192460674809 272.6455 5 0.00021960169741692 831.354499999999 15 0.055045871559633 272.5 1 0.00120264582080577 831.499999999999 0.0102555782566335 -0.744186046511628
X CG32795 FBgn0040384 FBtr0070491 1845 43 0.0149301308473759 265.763333333334 6 0.00011334038805849 895.236666666665 17 0.0639298025697273 265.916666666667 3 0.00335164323619775 895.083333333332 0.0422810765676566 0.209302325581395
X CG14629 FBgn0040398 FBtr0070179 1107 19 0.00227473218016415 233.125036666667 15 0.00182315552813021 723.874963333333 19 0.0813124108416547 233.666666666667 7 0.00967741935483871 723.333333333333 -0.338544136411697 -1.14285714285714
2R CG7763 FBgn0040503 FBtr0088135 767 16 0.0123672286649259 119.985105333333 28 0.00559568804900328 440.999894666667 8 0.0661612680909718 120.916666666667 15 0.0340844537019504 440.083333333334 0.0284957280466959 0.0666666666666667
3R CG5791 FBgn0040582 FBtr0084180 399 13 0.0324117650811851 78.2903608333333 13 0.00461809107468121 215.709639166667 4 0.051009564293305 78.4166666666667 2 0.00927715500579822 215.583333333333 0.0291712532930234 -1
2R CG16926 FBgn0040732 FBtr0086499 884 17 0.0183902186524342 87.3805 18 0.00330838642183622 293.6195 5 0.0578034682080925 86.5 4 0.0135823429541596 294.5 0.0377966984343356 -0.323529411764706
2R CG15065 FBgn0040734 FBtr0086667 218 7 0.023360198873736 29.0256666666667 4 0.00167325025102637 90.9743333333333 0 0 27.9166666666667 2 0.0217194570135747 92.0833333333333 0.933159420314509 1
X CG9034 FBgn0040931 FBtr0071343 386 4 0.00115693057495185 61.6666666666667 0 0 169.333333333333 3 0.0487144790257104 61.5833333333334 1 0.0059026069847516 169.416666666667 0.10807253582919 1
2R key FBgn0041205 FBtr0305672 1421 5 0.000594527025879346 258.343816625 17 0.000312963862138412 908.641183374998 29 0.112294288480155 258.250000000001 38 0.0418156808803302 908.749999999998 -0.0735305852308077 -1.59473684210526
3R yellow-f FBgn0041710 FBtr0082723 1439 38 0.011836186164049 298.957833333334 37 0.00323420799773448 988.042166666665 40 0.13215859030837 302.666666666667 25 0.0274297324754488 984.333333333331 -0.0427286618801926 -0.557894736842105
3L HBS1 FBgn0042712 FBtr0072866 2259 119 0.0292043619294701 483.082239166665 31 0.000616379993203905 1526.91776083334 36 0.0764068146618484 484.249999999999 4 0.00262166147796166 1525.75 0.0125041250110139 -1.34453781512605
3L PGRP-SB2 FBgn0043577 FBtr0075320 688 1 0.000933809364057261 136.454666666667 0 0 409.545333333334 0 0 135.25 2 0.00486914181375532 410.75 1 1
3L PGRP-SB1 FBgn0043578 FBtr0075348 623 25 0.0234428354301495 134.393113333333 12 0.00170508327303277 435.606886666667 11 0.0819366852886407 134.25 4 0.00917957544463568 435.75 0.0329435810303327 -0.32
2L vir-1 FBgn0043841 FBtr0080389 1849 68 0.0324985979021154 275.843118333334 59 0.0051615589610361 1017.15688166666 17 0.0612244897959182 277.666666666668 10 0.00984898227183194 1015.33333333333 0.00151843487765385 -475
3R TotX FBgn0044810 FBtr0083985 602 15 0.0209556637709515 98.8430995633333 31 0.00956216588433255 327.027936436667 5 0.0498753117206983 100.25 12 0.0397249809014515 327.25 0.130027244714068 0.138888888888889
2L TotF FBgn0044811 FBtr0081310 506 14 0.0316153883768978 96.9505503333333 25 0.017205754198355 277.995449666667 7 0.0736842105263158 94.9999999999999 9 0.0321428571428572 280 -0.0486942249077529 -0.388888888888889
3R TotC FBgn0044812 FBtr0083972 530 11 0.0124509551295932 96.9156666666667 6 0.000329662679899079 290.084333333333 11 0.11448395490026 96.0833333333333 12 0.0481237467774277 290.916666666667 0.270156029474739 0.5
2L Gr28b FBgn0045495 FBtr0079460 1595 75 0.0394128864352617 333.233990666666 19 0.00192903365429534 1076.76600933333 28 0.0840630472854642 333.083333333333 3 0.00278573086744564 1076.91666666667 -0.0145848272693848 -1.36444444444444
3R CHKov1 FBgn0045761 FBtr0113352 1463 35 0.0189917826564523 274.889833333334 35 0.00312199413194128 955.080166666665 32 0.116328385337776 275.083333333334 16 0.0178026005759665 954.916666666664 -0.00845320614172448 -1
2R CG6429 FBgn0046999 FBtr0087044 672 22 0.0461876117385461 101.282858333333 23 0.00604964685536024 375.702141666667 14 0.147783251231527 101.5 4 0.0106524633821571 375.5 -0.0485757154367899 -2.65909090909091
2R CG30026 FBgn0050026 FBtr0300922 821 33 0.0339312295977694 182.45443088 53 0.0100781925732972 501.53688112 13 0.0710868079289131 182875 20 0.0399102020453978 501125 0.130560262411139 -0.0439393939393937
3R CG31075 FBgn0051075 FBtr0307506 1764 88 0.0374285016748769 356.774774666666 30 0.00149939756568883 1167.18022533333 26 0.0727442294241083 357.416666666666 4 0.00342881634402457 1166.58333333333 0.00649621264838757 -1.21590909090909
3R CG31104 FBgn0051104 FBtr0084825 1382 37 0.0139537555064872 273.063203333334 36 0.00284541850994104 986.921796666664 21 0.0808947449057759 271.958333333334 18 0.0182178551849197 988.041666666664 0.0144312017611699 -0.135135135135135
3R modSP FBgn0051217 FBtr0083353 2289 41 0.00652082292392042 442.434008333332 17 0.000471798259684161 1441.56599166667 21 0.0475740985463471 441.416666666665 18 0.0138640170989544 1442.58333333334 0.158187367317943 0.516260162601626
3L CG32023 FBgn0052023 FBtr0076588 525 15 0.0172583638879695 107.185597333333 14 0.00542095714386304 372.814402666667 14 0.129280492497114 108.291666666667 15 0.0403542203788812 371.708333333334 -0.00113749987615236 0.128888888888889
3L CG32103 FBgn0052103 FBtr0075982 2622 69 0.01663889673517 413.651999999999 14 0.000655806352860326 1335348 19 0.0458383594692401 414.499999999999 2 0.00149868864743349 1334.5 -0.00625954035576901 -0.927536231884058
3L NUCB1 FBgn0052190 FBtr0075171 2203 28 0.00925907411479184 355.188204333332 15 0.000300846031376227 1351.81179566667 40 0.112517580872012 355.499999999999 10 0.00739918608953013 1351.5 0.0302331685873272 -1.14285714285714
3L CG32284 FBgn0052284 FBtr0073037 457 3 0.00844657843653368 69.3165426666667 14 0.00931169196115651 236.683457333333 4 0.0748129675810474 66.8333333333333 11 0.045993031358885 239.166666666667 -0.14363993766172 -0.696969696969697
3L sphinx2 FBgn0052382 FBtr0300362 975 49 0.0457302423336158 179.675785 20 0.00175936430927269 579.324215 17 0.1 180 20 0.0362694300518135 579 0.229112340961454 0.653061224489796
3L sphinx1 FBgn0052383 FBtr0300363 915 33 0.0286115762881724 181.126602833333 13 0.000773724769483879 577.873397166667 7 0.038736453769887 180.708333333333 17 0.031126161827221 578.291666666667 0.419203541501563 0.837789661319073
2L Victoria FBgn0053117 FBtr0081309 522 5 0.0106563903351092 95.1478333333333 28 0.0112558962608431 304.563166666666 14 0.145833333333333 96 6 0.0196078431372549 306 -0.39516115665159 -12.0666666666667
2L CG33303 FBgn0053303 FBtr0080052 1516 64 0.0241906868583671 333.79182 24 0.0020578383491592 1040.20818 24 0.0719820044988753 333.416666666667 7 0.00672699607591897 1040.58333333333 0.00706842221334283 -0.285714285714286
3L CG33493 FBgn0053493 FBtr0089606 592 13 0.0248330394823694 79.6923333333333 9 0.00443752658800885 226.307666666667 1 0.012565445026178 79.5833333333333 1 0.00441663599558337 226.416666666667 0.108472536644188 0.307692307692308
2L lectin-37Da FBgn0053532 FBtr0091498 651 10 0.0112333378920349 127421 16 0.00165068061005541 430498 13 0.101994115724093 127.458333333333 14 0.032517177973483 430.541666666667 0.113624646245117 -0.485714285714286
2L lectin-37Db FBgn0053533 FBtr0091499 562 11 0.0137370170353307 105.433180666667 15 0.00548760974829598 344.566819333333 13 0.123320158102767 105.416666666667 10 0.0290205562273277 344.583333333333 -0.0949491772288014 -0.772727272727272
2R CG34054 FBgn0054054 FBtr0100109 545 19 0.0168108592234427 119.6057509375 32 0.00679884045019559 363.3942490625 9 0.0841514726507715 118.833333333333 13 0.0356979405034325 364.166666666667 0.00988851096500176 -0.165991902834008
2R GstE8 FBgn0063492 FBtr0086676 758 29 0.0234540211519859 164.448167082667 33 0.00288513419612135 501.503832917334 15 0.0908173562058526 165.166666666667 6 0.0119800332778702 500.833333333334 0.00700240768264269 -1.8448275862069
3R att-ORFA FBgn0067783 FBtr0089480 1654 60 0.0262488060392098 291.840833333333 11 0.000278845142759875 803.159166666666 11 0.0376175548589342 292.416666666667 3 0.00373792960232583 802.583333333332 0.0798738517970767 0.327777777777778
3R pps FBgn0082831 FBtr0304744 6722 145 0.00827631984847147 1437.67285866666 119 0.00149155127184589 4616.32714133332 106 0.0751609348721224 1436.91666666666 94 0.0203591733598051 4617.08333333332 0.060440454231959 0.0745414526779165
2R CG34215 FBgn0085244 FBtr0112408 444 3 0.00153688141636975 77.7194553333333 7 0.00351200772974791 234.280544666667 11 0.141327623126338 77.8333333333333 11 0.0469750889679715 234.166666666667 -0.446134275124328 -1.33333333333333
3L CG34426 FBgn0085455 FBtr0112727 1022 43 0.038050147128415 222.83593205 42 0.00854395844539245 665.16406795 14 0.062453531598513 224.166666666667 17 0.0256088375596284 663.833333333333 0.107433471397196 0.19562243502052
2R Tab2 FBgn0086358 FBtr0086516 3249 80 0.0137462229573118 585.870333333333 47 0.00159255593332856 1907.12966666668 45 0.0766936514699616 586.75 18 0.00944262295081962 1906.25000000001 0.00579876185641737 -0.46875
3R eater FBgn0243514 FBtr0310079 3301 93 0.0170269250659773 699.248394666667 92 0.00209395553281182 2522.75090385834 38 0.0542179418583912 700.875000000001 72 0.028981192000397 2518875 0.238823801856374 0.4778972520908
3L 26-29-p FBgn0250848 FBtr0075766 1872 67 0.0235144480165062 398.309999999999 25 0.000334345055832399 1248.69 24 0.0602888842369689 398.083333333333 1 0.000800693934743445 1248.91666666667 -0.000912487380124453 -7.95522388059702
3L ome FBgn0259175 FBtr0299649 4109 16 0.00210719732104186 661.084056666667 19 0.000764281629637442 2107.90094333334 11 0.0166687713095088 659.916666666668 8 0.00379311707297798 2109.08333333334 -0.0807883299847895 -0.6328125
3R CG42358 FBgn0259704 FBtr0299957 1498 57 0.0204200225844941 300.785266666666 25 0.00226057862336421 998.214733333331 26 0.0899875017358701 300.041666666667 31 0.034086636868708 997.458333333331 0.175057838437462 0.632144878324844
3R CG42359 FBgn0259705 FBtr0299958 966 15 0.0301543234500173 91.1331116666666 20 0.00888436408829891 304.866888333333 3 0.0333333333333334 89.9999999999999 5 0.0163398692810457 306 0.101368916159331 0.2
2L CG42369 FBgn0259715 FBtr0299968 1397 81 0.0478253669380271 285.93461 50 0.00249130238047355 917.065389999997 23 0.0802325581395348 286.666666666667 5 0.00545652964714443 916.333333333331 0.0141657663787812 -1.83950617283951
3L pzg FBgn0259785 FBtr0078336 4093 23 0.00294264431661511 698.057483333334 17 0.000241777198568317 2289.94251666667 68 0.0973863229502326 698.250000000001 16 0.00698766240855987 2289.75 -0.0089766838319122 -2.14130434782609
3L PGRP-LD FBgn0260458 FBtr0114577 2720 35 0.0157835828778842 244.171638833334 55 0.00522089726516841 736.548518166666 19 0.0783236001374097 242.583333333334 6 0.00947974269269835 738.416666666666 -0.140595503476836 -3.97619047619048
2R CG30002 FBgn0260474 FBtr0302050 1572 10 0.00155523276463251 217.546411666667 21 0.00283995759869744 715.453588333333 6 0.03206106870229 218.333333333334 8 0.0167910447761194 714.666666666666 -0.302439479275328 -575
3R Ect3 FBgn0260746 FBtr0082487 2236 54 0.0194211137440763 481.355341666665 28 0.00145283851676864 1429.62973333334 60 125 479.999999999999 9 0.00629590766002097 1429.5 -0.0216485000713303 -2.45679012345679
3R tobi FBgn0261575 FBtr0084847 2104 79 0.0235115344379043 454.785719999999 31 0.00071887842437437 1516.21428 50 0.11015237745548 453.916666666666 6 0.00395495742927767 1517.08333333334 0.00499154067277872 -2.27004219409283
X RpS6 FBgn0261592 FBtr0071135 960 26 0.00939239392095991 181.507333333333 0 0 562.492666666667 12 0.0661157024793388 181.5 1 0.00177777777777778 562.5 0.0261848084830124 1
3R CG42788 FBgn0261859 FBtr0303486 6686 164 0.0209197123355616 1173.049336 81 0.000877694478272548 3506.93277199998 77 0.0655830789977995 1174.08333333334 16 0.00456469021920025 3505.16666666665 0.0248064885879506 -1.37690548780488
2R CG42807 FBgn0261989 FBtr0303819 957 46 0.0370637813358543 188.671333333333 14 0.00209333972789659 645.328666666667 20 0.105913503971756 188.833333333333 9 0.0139498837509687 645.166666666667 0.0629215232184521 0.323671497584541
3L CG42846 FBgn0262035 FBtr0303931 564 5 0.000870648680519249 127.177166666667 10 0.000508309440860809 373.822833333333 9 0.0703583061889251 127.916666666667 26 0.0696895242349788 373.083333333333 0.128993832991407 0.307692307692308
3L Spn77Ba FBgn0262057 FBtr0074841 1992 17 0.00338690749381631 326.883666666667 18 0.00129702240591129 1023.11633333333 25 0.0765696784073507 326.5 7 0.00683927699071814 1023.5 -0.194912098512097 -2.78151260504202
2L CG43055 FBgn0262357 FBtr0304637 603 36 0.0344688544334665 119.91008 37 0.00289888560610805 419.96692 8 0.0668989547038328 119.583333333333 11 0.0261645193260654 420.416666666667 0.203569804227037 0.252525252525253
2R CG43071 FBgn0262481 FBtr0307055 316 4 0.00822671505418706 40.2823816666667 8 0.00617126762488873 142.717618333333 4 0.100418410041841 39.8333333333333 1 0.0069848661233993 143.166666666667 -0.36358628428235 -7
2R CG43109 FBgn0262569 FBtr0304896 261 8 0.0276113414983523 37572 9 0.00772971636194053 133395 1 0.0545454545454545 36.6666666666667 2 0.0148883374689826 134.333333333333 -0.00429279036074001 0.4375
3L Ect4 FBgn0262579 FBtr0304998 6741 186 0.0192091689492366 1233.86478013333 57 0.000820476026495379 3956.13521986663 53 0.0430049361011563 1232.41666666667 3 0.00101071782021858 3957.5833333333 -0.0180003937508713 -4.41397849462366
2R CG43202 FBgn0262838 FBtr0306078 390 6 0.0148862618681832 44.8605 7 0.00192899540570386 144.1395 9 0.198529411764706 45.3333333333333 1 0.00696055684454756 143.666666666667 -0.0808439961276659 -9.5
3R CG43448 FBgn0263402 FBtr0309181 529 12 0.0203381741473511 69.8843041666667 20 0.00519867849011549 211.926695833333 5 0.0707130229817325 70.7083333333333 14 0.075323656335818 212.416666666667 0.312210337351705 0.404761904761905
3L RhoGEF3 FBgn0264707 FBtr0333961 11114 137 0.00530200250783801 2582.00533333334 145 0.00128914566982306 7974.99466666681 219 0.0855221786871762 2584.12500000001 95 0.0120430916874439 7971.37500000014 -0.0721511644755816 -1.43987706492509
