chromosome geneName geneId transId transLenTrue Ps piS Ss_p Pn piN Sn_p Ds kS Ss_d Dn kN Sn_d DoS alphaMK
2L aop FBgn0000097 FBtr0077850 4879 80 0.0184747923786119 521.880843333332 20 0.000859671190974782 1674.11915666667 21 0.0402620226873303 521.583333333332 9 0.005375006221072 1674.41666666667 0.0733141519418962 0.416666666666667
2L aub FBgn0000146 FBtr0080165 2825 60 0.0114656805229453 603.983499999999 28 0.000959649542853719 1994.01650000001 57 0.0956175298804781 606.583333333333 100 0.0512391158740789 1990.66666666667 0.271672342542526 734
3R bam FBgn0000158 FBtr0084869 1894 30 0.0108410388019824 298.071491666667 28 0.0015397773632085 1027.92850833333 28 0.101280067520045 296.208333333334 70 0.0689459842201094 1029.79166666666 0.280658041916887 0.626666666666667
2L cact FBgn0000250 FBtr0080844 1893 42 0.00979904326095608 347.707833333333 20 0.000670703994215872 1152.29216666667 15 0.0431241015812171 347.833333333333 1 0.00086792998698105 1152.16666666667 -0.0443318902269603 -6.14285714285714
2L cad FBgn0000251 FBtr0081412 2516 22 0.0175732912535537 301.762495 7 0.000490590438360542 979.237504999997 20 0.066334991708126 301.5 7 0.00714650331801942 979.499999999997 0.070097184789461 0.0909090909090908
3L Cat FBgn0000261 FBtr0075058 1993 38 0.0144345288189347 351.020333333333 5 0.000547719810901825 1166.97966666667 16 0.0456599286563615 350.416666666666 8 0.00685175933195347 1167.58333333333 0.0939227352667404 0.736842105263158
2L eya FBgn0000320 FBtr0079335 3075 101 0.0214805043117497 571.502744166666 28 0.000656878482564095 1726.49725583334 30 0.0525087514585765 571.333333333332 5 0.00289575289575288 1726.66666666667 0.0225928425243863 -0.663366336633664
2L dpp FBgn0000490 FBtr0077771 3723 70 0.0143351487243286 428.610333333332 22 0.000766552297006436 1335.38966666667 10 0.0232806285769717 429.541666666665 7 0.00524557404689793 1334.45833333333 0.133126831834288 0.551020408163265
3R ea FBgn0000533 FBtr0083083 1430 51 0.0160397600478991 293.1425 15 0.000856867579297018 882.857499999998 25 0.0852999715666761 293.083333333334 4 0.00453043888626712 882.916666666665 -0.000279100574725272 -0.838235294117647
3L ecd FBgn0000543 FBtr0072903 2204 98 0.0227833597869062 475.750076666664 46 0.0018232157187569 1576.24992333334 39 0.081889763779528 476.249999999997 8 0.00507694748532443 1575.75000000001 -0.0157165994675147 -1.28826530612245
2R EcR FBgn0000546 FBtr0086010 5233 6 0.000635123927933442 625.429333333333 5 0.000256444407337027 1921.57066666667 12 0.0191923230707717 625.25 4 0.00208143619097176 1921.75000000001 -0.189792379573316 -1.5
3L Gl FBgn0001108 FBtr0075756 4550 164 0.0318782583758356 875.467371333339 39 0.000570003372012229 2919.53262866665 66 0.0754339595685401 874.937500000006 25 0.00856146058517587 2920.06249999999 0.0843611768597502 0.37219512195122
3L Ide FBgn0001247 FBtr0273273 3439 20 0.00375074759843996 664.140666666667 12 0.000386196315652978 2305.85933333334 75 0.112866817155756 664.500000000001 7 0.0030362177401865 2305.5 -0.0671568576175702 -5.42857142857143
3R kay FBgn0001297 FBtr0290076 4574 97 0.0270365605747051 531.594717333332 40 0.00172396898259074 1733.40023666667 20 0.0372670807453417 536.666666666665 32 0.0190935390549662 1728.33333333334 0.27883228419932 0.742268041237113
3R kkv FBgn0001311 FBtr0078798 5457 32 0.0008667786494451 1150.109964 15 0.000240881778456936 3694.89003599998 133 0.115493161589116 1151.58333333334 3 0.000812256041154311 3693.41666666664 -0.210485156020312 -19.78125
2R kn FBgn0001319 FBtr0112810 3339 99 0.0238671839043248 510.010666666665 21 0.000450772489286578 1556.98933333334 16 0.0333034038037712 510.458333333332 3 0.001927349626576 1556.54166666667 0.0361698443412384 -0.131313131313131
2R Kr FBgn0001325 FBtr0072449 2536 16 0.0129154531902794 350.940666666667 10 0.0015929484261039 1155.05933333333 25 0.0714455822814957 349.916666666666 7 0.00605492683630073 1156.08333333333 -0.0316673196176674 -1.23214285714286
X egh FBgn0001404 FBtr0070439 3595 60 0.0156582305595676 338.702666666667 0 0 1032.29733333333 23 0.0677966101694915 339.25 1 0.000969227041434458 1031.75 0.0140946010511228 1
2L Sos FBgn0001965 FBtr0080541 5637 191 0.0184415469740325 1146.3385255 49 0.000363857774215333 3641.66147449998 63 0.0548979740033402 1147.58333333334 8 0.00219755064667508 3640.41666666664 0.0191404430165605 -1.02028795811518
2L Lam FBgn0002525 FBtr0079100 3129 54 0.00959234067201703 445.964333333332 10 0.000622675428657501 1420.03566666667 25 0.0560642870491498 445.916666666666 21 0.0154920485886978 1420.08333333334 0.155544552402033 0.779541446208113
3L Lsp2 FBgn0002565 FBtr0089324 2304 95 0.0317519490354303 459.600754666665 28 0.000778335399716694 1643.39924533334 26 0.0565115015395764 460.083333333331 11 0.00669540958660915 1642.91666666667 0.0820019553424119 0.303349282296651
3L msl-3 FBgn0002775 FBtr0076926 1970 58 0.0218284446010538 360.463333333333 21 0.00114344133862123 1175.53666666667 21 0.058067861051904 361.645833333333 20 0.0178821692774397 1174.35416666667 0.185670821936917 0.619827586206896
3R mor FBgn0002783 FBtr0083238 3983 89 0.011609910022159 847.450202333338 35 0.000793927022065372 2779.54946766666 78 0.0919901719901715 847.916666666671 16 0.00575729407178628 2779.08333333333 -0.00510689070895109 -0.917134831460674
2R Pkc53E FBgn0003091 FBtr0087048 2696 93 0.0255593401401194 447.320666666665 9 0.00013605856338666 1589.67933333334 29 0.0648527767424527 447.166666666665 1 0.000628996750183455 1589.83333333334 0.00431062122019133 -1.80645161290323
3R pnr FBgn0003117 FBtr0083221 2720 68 0.0220946812111356 393.666357499999 29 0.000641461184919031 1226.3336425 30 0.0762873490146219 393.249999999999 8 0.00652528548123981 1226 0.0505824907104152 -0.599264705882353
3R pnt FBgn0003118 FBtr0089717 4074 88 0.0219913736334997 480.634402499998 38 0.00197138873283732 1673.3655975 28 0.0582726326742978 480.499999999998 10 0.00597550044816252 1673.5 0.0107377575571062 -0.209090909090909
2R Pu FBgn0003162 FBtr0071580 1793 35 0.013750587294579 233.547666666667 10 0.00130515332511601 738.452333333333 10 0.0428877769835596 233.166666666667 3 0.0040604556733589 738.833333333333 -0.000200150616670211 0.0476190476190477
2R sax FBgn0003317 FBtr0308825 2451 30 0.00309487965914314 413.435333333332 7 0.000150165154227806 1332.56466666667 31 0.0753036437246965 411.666666666666 8 0.00599550337247065 1334.33333333333 0.0274709851880296 0.0958333333333333
3R spn-E FBgn0003483 FBtr0083183 4678 87 0.00770572754914465 994.794650000008 68 0.00131669513973734 3307.20534999998 96 0.0986370308240714 993.541666666674 87 0.0269068463815584 3307.70833333331 0.0683863772625957 0.137534680935394
3R spz FBgn0003495 FBtr0085137 2128 26 0.018308359338555 215.33358 16 0.00065166381032373 762.666419999999 23 0.105747126436781 217.5 23 0.0315581854043393 760.499999999999 0.195469096451935 0.384615384615385
2R Egfr FBgn0003731 FBtr0071654 6124 302 0.0392505750262082 1014.87250000001 19 9.81522215151909e-05 3263.12749999998 70 0.0699277741300061 1015.33333333334 5 0.00183898651409891 3262.66666666665 0.0231300690196768 0.119205298013245
3R Ser FBgn0004197 FBtr0085128 5559 197 0.0198835324354203 1038.89033416667 58 0.000687378028347583 3182.10966583332 46 0.0443231090412716 1037.83333333334 9 0.00282737316089849 3183.16666666665 0.0265498319640699 -0.504794134235758
3L CrebA FBgn0004396 FBtr0075557 3189 16 0.00519617386975368 366.183738666666 18 0.000720894312151624 1181.81626133333 16 0.0436562073669851 366.499999999999 4 0.00338552687261955 1181.5 -0.0498644431478448 -3.5
2L me31B FBgn0004419 FBtr0079975 1699 27 0.00938620654523547 320841 0 0 1056159 10 0.0312256049960968 320.25 2 0.0018939393939394 1056 0.057184947100576 1
2L GlyP FBgn0004507 FBtr0077828 3144 111 0.019714279405782 586.905166666667 1 5.14264156199146e-06 1945.09483333334 29 0.0494037478705281 587 2 0.00102827763496144 1945.00000000001 0.0201285873879588 0.869369369369369
3R hh FBgn0004644 FBtr0100506 2370 70 0.0304323706976139 346.652173170666 22 0.000881552134352321 1066.34695008533 15 0.0463208685162847 345.416666666666 13 0.0121941686860002 1066.08333333333 0.180241678790166 0.637362637362637
X hop FBgn0004864 FBtr0073457 5055 181 0.0312956765949726 825.837963333336 19 0.000373520081172809 2705.16203666666 76 0.0917966784096625 827.91666666667 14 0.00517927058605914 2703.08333333333 0.0416133558361557 0.430149960536701
2L piwi FBgn0004872 FBtr0080166 3073 67 0.0153889105883141 602.234151666666 23 0.00171317396051023 1926.76584833334 60 0.101314878892734 602.083333333333 26 0.0140120226614193 1926.91666666667 0.0213249013025772 0.20780711825488
2R Ggamma1 FBgn0004921 FBtr0088645 2554 6 0.00391248797319379 47656 1 0.000194995719131831 162344 9 0.1875 48 1 0.00617283950617284 162 -0.0156007689955572 -0.5
X os FBgn0004956 FBtr0074581 2642 33 0.0059190923716388 303.143067104167 25 0.000807352296866949 935.856932895831 33 0.108641975308642 303.75 8 0.00855386260358195 935.249999999998 -0.0470388341743226 -2125
3L ple FBgn0005626 FBtr0076957 3124 80 0.0300907121890346 398.981833333332 10 0.000164945288229772 1338.01816666667 7 0.0175953079178886 397.833333333332 2 0.0014934660858743 1339.16666666667 0.0727862086931362 0.5625
X Cdc42 FBgn0010341 FBtr0074751 1392 18 0.00851505885670096 136654 0 0 436346 5 0.0365408038976858 136.833333333333 1 0.0022927015666794 436.166666666667 0.0590392636272111 1
3R Akt1 FBgn0010379 FBtr0083228 3649 32 0.00458885497216253 426.587999999999 8 0.000484420550788585 1406412 28 0.0678759508484495 427.249999999999 4 0.00284697508896797 1405 -0.0552294356677578 -0.75
3R pll FBgn0010441 FBtr0085179 1931 70 0.0187801420215339 357.102666666666 15 0.000235356172565474 1145.89733333333 43 0.120504437178889 356.833333333333 3 0.00261742038679657 1146.16666666667 0.00888170814792313 -2.07142857142857
2L Wnt4 FBgn0010453 FBtr0089291 3367 65 0.0259153756821167 377.327391999999 22 0.000375758080798055 1239.672608 19 0.0503756076005304 377.166666666666 2 0.00161312004301653 1239.83333333333 0.0167360678012874 -2.21538461538462
3R unc-45 FBgn0010812 FBtr0081788 3236 41 0.00637421745861757 675.585500000001 26 0.00049864588348098 2165.41450000001 82 0.121316730366169 675.916666666668 11 0.00508063584927446 2165.08333333334 -0.0323571173554733 -3.72727272727273
2L dia FBgn0011202 FBtr0305961 3797 42 0.00753440971189699 767.905166666671 12 0.000147755668445173 2526.09483333333 63 0.0819689905670601 768.583333333338 6 0.00237584557003795 2525.41666666666 0.00893464339264347 -2
2R ken FBgn0011236 FBtr0072129 3070 37 0.00749007749230971 410.991333333333 14 0.00063063099530993 1392.00866666667 27 0.0656136087484813 411.499999999999 3 0.00215594681997844 1391.5 -0.0458442292172127 -2.40540540540541
2L Dif FBgn0011274 FBtr0301577 4306 98 0.0202658549747844 703.999158333335 47 0.00100596281319164 2257.00084166667 61 0.086729857819905 703.333333333335 12 0.0057581573896353 2257.66666666667 0.0149675446430485 -1.43792517006803
2L Tig FBgn0011722 FBtr0079275 6929 414 0.0459941435286854 1448.81824676749 114 0.000929188737349538 5115.17214723251 127 0.0881745120551095 1451.66666666666 38 0.00782536396093838 5111.58333333334 0.0617120380337523 0.0797101449275363
3R E2f FBgn0011766 FBtr0084117 3150 109 0.0194147414705849 557.687999999999 33 0.00103865069107694 1857.31200000001 31 0.0554561717352416 558.999999999999 21 0.0113146551724137 1856.00000000001 0.118673728926358 0.55307994757536
2R Gp150 FBgn0013272 FBtr0071816 4190 122 0.0191214004864095 722.102658333337 46 0.000952085926687828 2505.89734166666 58 0.0818804753230978 720.562500000004 40 0.017553045603012 2506.6875 0.129100440948265 0.45327868852459
3L Bro FBgn0013755 FBtr0072760 744 29 0.0267491000299656 141.946333333333 16 0.000978422273227158 497.038666666667 8 0.056570418385386 141.416666666667 1 0.00200971361580974 497.583333333334 -0.000979957233351862 -3.41379310344828
2R Cdk5 FBgn0013762 FBtr0087350 1604 38 0.0265917451333115 214.5583375 3 4.49647557794632e-05 667.4416625 9 0.0418929402637703 214.833333333334 1 0.00149887584311766 667.166666666666 0.0328547487640912 0.289473684210526
3L Deaf1 FBgn0013799 FBtr0074882 2425 15 0.00416007557543146 399.812666666666 4 9.35338823959633e-05 1328.18733333333 25 0.0625521267723104 399.666666666666 2 0.00150564617314931 1328.33333333333 0.00151520672045188 -2.33333333333333
2R imd FBgn0013983 FBtr0086725 1320 13 0.00926374202069829 191.321256666667 14 0.0011075367621172 627.678743333333 13 0.068003487358326 191.166666666667 6 0.00955667640031856 627.833333333333 0.0164274665268801 -1.33333333333333
3R Rel FBgn0014018 FBtr0089338 3499 30 0.00524658308148069 657.098164000001 30 0.00107548865363581 2255.90183600001 61 0.0924125741699278 660.083333333335 105 0.048413961579746 2251.41666666667 0.173667877841069 0.419047619047619
3R cher FBgn0014141 FBtr0290014 8128 380 0.0275308801855948 1741.57999999998 54 0.000319908212849863 5455.42000000002 99 0.0568856540892556 1740.33333333331 1 0.000183262064752595 5456.66666666669 -0.00827526336183464 -13.0684210526316
2L gcm FBgn0014179 FBtr0079855 1911 75 0.0308405395199123 345.593986666666 38 0.00261252698323944 1166.40601333333 18 0.0521172638436483 345.374999999999 10 0.00943497373217541 1165875 0.0751887173036807 88
3R RhoL FBgn0014380 FBtr0305340 1205 7 0.00489548496955038 143.163333333333 2 4.01061478619577e-05 498.836666666667 3 0.0207612456747405 144.5 4 0.00804020100502512 497.5 0.271033717606124 0.785714285714286
3L Hr78 FBgn0015239 FBtr0078389 2266 7 0.00252625581209608 424.108666666666 7 0.000419800982469237 1378.89133333333 47 0.110501567398119 425.333333333333 7 0.00508105492378417 1377.66666666667 -0.0985355184636982 -5.71428571428571
2R Iap2 FBgn0015247 FBtr0087296 2106 58 0.0186082098864144 352.689833333333 24 0.00129745559971491 1141.31016666667 14 0.0397257034759991 352.416666666666 7 0.00613183444047011 1141.58333333333 0.0685346466912461 0.172413793103448
2L dsf FBgn0015381 FBtr0079145 3042 138 0.0408009515259093 517.375989333332 36 0.00218678097751894 1555.62401066667 32 0.061855670103093 517.333333333332 4 0.00257124491107777 1555.66666666667 -0.0109604006255863 -1.08695652173913
3R ksr FBgn0015402 FBtr0078766 3600 15 0.00182197700613162 700.685833333335 14 0.00012995736435144 2197.31416666667 61 0.0871117458050694 700.250000000002 10 0.00455010806506654 2197.75000000001 -0.0169386083158575 -4.69333333333333
3R mbc FBgn0015513 FBtr0304729 7465 282 0.0329566522800788 1363.34065833333 44 0.000316206607838647 4660.65934166665 105 0.0769606645492306 1364.33333333333 18 0.00386355912497542 4658.91666666665 0.0382985551716683 0.0898345153664303
3R alpha-Est7 FBgn0015575 FBtr0081550 2017 20 0.00552228308719557 395.262999999999 17 0.00100056040139493 1320737 48 0.121621621621622 394.666666666666 19 0.0143794147325933 1321.33333333333 -0.0476631017174938 -1.14736842105263
3R Rab7 FBgn0015795 FBtr0084503 1515 12 0.0111673320995512 140065 0 0 480.935000000001 10 0.0712589073634205 140.333333333333 1 0.00208044382801664 480.666666666667 0.0283673606899804 1
3L grim FBgn0015946 FBtr0075130 1699 13 0.0308568456050277 89.4046666666666 13 0.00265883051453039 324.595333333333 7 0.0777058279370953 90.0833333333333 4 0.0123488551582197 323.916666666667 0.0577952326383979 -0.75
2R wun FBgn0016078 FBtr0088552 2026 31 0.0130937381842822 269.158508666667 25 0.00325202036642454 867.841491333332 18 0.0671015843429636 268.25 9 0.0103597122302158 868.749999999999 -0.0652114434361675 -0.612903225806452
2R Nurf-38 FBgn0016687 FBtr0072343 1178 16 0.00608083343168921 229.313333333334 8 0.000183727835826763 784.686666666665 18 0.0786312340735346 228.916666666667 2 0.00254750026536462 785.083333333332 0.00205324953569808 -3.5
3R Stat92E FBgn0016917 FBtr0089486 3873 82 0.0176986753276912 519.319499999998 4 2.94180145494751e-05 1763.68050000001 31 0.0597686375321339 518.666666666665 5 0.00283393160778386 1764.33333333334 0.0436092141895343 0.697560975609756
3R Atu FBgn0019637 FBtr0078704 2351 10 0.00120298589621841 513.652499999998 10 0.000156050093782109 1661.21850000001 52 0.106606364076886 515.916666666664 28 0.0180577849117174 1661.33333333334 0.030027360499122 -0.857142857142857
X Dredd FBgn0020381 FBtr0114561 1689 1 0.000397920384040956 200476 0 0 651524 0 0 200.5 1 0.00153491941673062 651.5 1 1
2L Idgf3 FBgn0020414 FBtr0080862 1724 59 0.021486667857181 313.4775 26 0.00167514602832823 1009.5225 22 0.0700451048023348 314.083333333333 8 0.00792929710085076 1008.91666666666 0.0293674167077363 -0.211864406779661
2L emb FBgn0020497 FBtr0079663 4492 95 0.0178669701880632 707.922333333336 2 8.06270144237406e-06 2481.07766666667 36 0.0508384819064429 708.125000000003 5 0.00201541794729682 2480875 0.0376808088891896 0.848421052631579
2R Sin3A FBgn0022764 FBtr0087888 8074 1 7.61948359224901e-06 1312846 3 7.76074247720855e-05 4015.15399999996 0 0 1312.75 1 0.000249050494987861 4015.24999999996 0.0894023230278007 1
3R Cad96Ca FBgn0022800 FBtr0084874 2939 92 0.0186675160548121 564.233469666666 55 0.00163563833457932 1754.76653033334 34 0.0602302922940656 564.5 5 0.00284981476204046 1754.50000000001 -0.0353830890792119 -3.06521739130435
2R edl FBgn0023214 FBtr0086652 1454 28 0.0230185224570557 133.998833333333 8 0.00279311151595643 397.001166666667 12 0.0888340530536706 135.083333333333 4 0.0101031361818564 395.916666666667 -0.00609467185904487 0.142857142857143
2L chico FBgn0024248 FBtr0080088 3229 82 0.0132896310140446 649.214448 36 0.00171193016356452 2254.78555200001 50 0.0785572171234195 649.208333333333 26 0.0115309987988543 2254.79166666667 0.0138799489525727 0.155722326454034
2L p38b FBgn0024846 FBtr0080534 1821 38 0.0135042485161886 257.142666666667 4 9.94354805645671e-05 837.857333333331 25 0.0975609756097559 256.25 1 0.00119225037257824 838.749999999998 0.00476357469615978 -1.63157894736842
X Tak1 FBgn0026323 FBtr0077319 3391 79 0.0126146271725877 465.058640333331 25 0.000741942410787252 1568.94128466667 25 0.0537682588045527 464.958333333331 24 0.0152959609103221 1569.04166666667 0.165925587336618 0.670358649789029
2L Pten FBgn0026379 FBtr0089900 2125 34 0.00997872080748869 335.976666666666 13 0.000308443320281123 1206.02333333333 12 0.0356083086053413 337 19 0.0157676348547718 1205 0.276923645809893 0.758513931888545
3L Nc FBgn0026404 FBtr0076347 2015 68 0.0275481300608969 305.475017333333 23 0.00125755478755202 1044.52498266666 28 0.0949392988678216 305.458333333333 79 0.0785597381342064 1043.79166666666 0.409139913533886 0.8801191362621
2R Eb1 FBgn0027066 FBtr0300285 1891 13 0.0106152215138535 198.2335 4 0.000500257071873601 692.7665 14 0.0708263069139965 197.666666666667 3 0.00432692307692308 693.333333333333 0.0125692327364607 -0.435897435897436
3R Manf FBgn0027095 FBtr0083283 847 22 0.0214584020705595 111.822666666667 9 0.000951012546592733 407.177333333334 4 0.0357675111773473 111.833333333333 1 0.0024559967253377 407.166666666667 0.0218154862545426 -0.636363636363636
2L Stam FBgn0027363 FBtr0080143 2854 110 0.0272756638099206 494.767802833332 74 0.00244956724189946 1572.23219716667 34 0.0686175580222 495.499999999998 1 0.000636334712058541 1571.5 -0.0732185718560522 -21.8727272727273
2L Cdk5alpha FBgn0027491 FBtr0080063 1858 55 0.0146228801770136 304.0250125 7 0.000183691044688243 1111.9749875 15 0.0493150684931506 304.166666666667 2 0.001798830760006 1111.83333333333 0.0227865463226357 0.0454545454545455
3L drpr FBgn0027594 FBtr0334080 4757 2 0.000494972822153908 655.632380000001 6 0.000241947233209286 2272.31962 0 0 656.333333333334 2 0.000880410858400585 2271.66666666667 0.671677773662923 1
X Ulp1 FBgn0027603 FBtr0074693 5498 87 0.00629325023169684 1018.52516666667 69 0.000917927172552513 3520.47483333331 118 0.118826346333346 1026.70833333334 313 0.0937210682492587 3510.41666666665 0.313649660571157 0.701002533876832
2L heix FBgn0028375 FBtr0080852 3130 31 0.0174190083959988 280.739176 10 0.000412630811548683 796.228351999999 15 0.0533807829181494 281 4 0.00502512562814071 795.999999999999 0.0628975923009595 -0.209677419354839
2L He FBgn0028430 FBtr0080616 673 12 0.00930388172391326 109.763964666667 26 0.00680390565635357 358.229987333333 13 0.117735849056604 110.416666666667 31 0.0866930785364717 357.583333333333 0.00167589161162279 0.0913978494623656
2L CG4793 FBgn0028514 FBtr0300612 2832 35 0.00189357258366578 655.696834166667 38 0.00100237635136869 2074.30316583334 48 0.0747330960854092 655.666666666667 102 0.0511192380339989 2073.58333333334 0.0600537325817422 0.489075630252101
2R CG5033 FBgn0028744 FBtr0089550 2514 78 0.0200173706306254 532.923422999999 40 0.00133374631604577 1819.07657700001 23 0.043044291952589 534.333333333332 5 0.00275077938749311 1817.66666666667 -0.00240013610377883 -1.35897435897436
2L Spn27A FBgn0028990 FBtr0079321 1569 44 0.0129754332126623 320.714333333333 13 0.000459393089269094 1020.28566666666 30 0.0935794125292435 320.583333333333 7 0.00685994283380974 1020.41666666666 0.0341051550669485 -0.266233766233766
3L Tollo FBgn0029114 FBtr0075607 7214 131 0.0245040695333571 948.197833333341 35 0.000686471455517657 3089.80216666665 58 0.0611706802601507 948.166666666674 5 0.00161821025945305 3089.83333333332 -0.00147892123852444 -2.09923664122137
X CG1572 FBgn0030309 FBtr0073543 976 18 0.0134404146246704 129238 1 2.85161118395169e-05 350762 8 0.062015503875969 129 2 0.00569800569800569 351 0.082031550875235 0.777777777777778
X CG9512 FBgn0030593 FBtr0073979 2113 119 0.0399985376551245 440.339349999999 15 0.000505263158799164 1428.66065 33 0.0749290444654684 440.416666666666 3 0.00209998250014583 1428.58333333333 0.0147877600076879 -0.386554621848739
X PGRP-LE FBgn0030695 FBtr0074183 1398 37 0.0141222367237589 230.066333333334 15 0.000495781696645855 804.933666666666 23 0.10003624501631 229.916666666667 5 0.0062105372114688 805.083333333333 0.0245380915300127 -0.864864864864865
X upd2 FBgn0030904 FBtr0300182 1980 42 0.0156440492517104 268.634833333334 10 0.00045171510350185 841.365166666665 20 0.0744878957169458 268.500000000001 8 0.00950683303624482 841.499999999998 0.0851194644123719 0.404761904761905
X wgn FBgn0030941 FBtr0074617 2415 49 0.0251691418128674 258.139833333334 17 0.000992610090900555 770.860166666666 18 0.0698125404007756 257.833333333334 2 0.00259347309271667 771.166666666666 -0.00212279343379182 -2.12244897959184
X Pvf1 FBgn0030964 FBtr0074640 1896 57 0.0268466460524347 241.683025 15 0.00033129556153924 733.316974999999 14 0.066206896551724 241.666666666667 15 0.0218405187123194 732.583333333332 0.23586418917812 0.754385964912281
X CG14619 FBgn0031187 FBtr0077349 4711 45 0.00951587028323271 673.977000000002 38 0.00210446489092011 2140.02300000001 36 0.0533530937384215 674.750000000002 37 0.01729578123174 2139.25000000001 0.0637113480046821 0.178378378378378
2L Hrs FBgn0031450 FBtr0089750 2714 153 0.0358856701664984 513.636946999998 58 0.00183750671554592 1766.36297800001 28 0.054678600488202 512.083333333331 5 0.002828187603111 1767.91666666667 0.000469779975867862 -1.12287581699346
2L daw FBgn0031461 FBtr0077720 2819 136 0.057876021404411 393.059401291666 42 0.00213420497212598 1364.94059870833 28 0.0713224368499258 392.583333333333 7 0.00512664021971315 1365.41666666667 0.0314955222855148 -0.235294117647059
2L Pvf2 FBgn0031888 FBtr0079423 2102 68 0.0323419731184847 280.020999166667 30 0.0026571192620922 934.979000833331 13 0.046201688138605 281375 15 0.0171375016735842 933.624999999998 0.194647450202777 0.617647058823529
2L r2d2 FBgn0031951 FBtr0079489 1786 27 0.00731284416287594 210.449004166667 14 0.00349007147116708 722.550995833333 17 0.100278551532033 209.416666666667 60 0.0829206495450882 723.583333333333 0.129558058200059 0.853086419753086
2L spz3 FBgn0031959 FBtr0079561 2552 83 0.0255769154097994 423.778540333332 41 0.00106793880709282 1409.22145966667 16 0.0376766091051806 424.666666666666 2 0.00142011834319526 1408.33333333334 -0.00375728740648713 -2.95180722891566
2L Pvr FBgn0032006 FBtr0302148 5627 277 0.0329091546790832 1126.39894105 82 0.00105145000409723 3604.60104709997 76 0.0676056338028167 1124.16666666667 33 0.00914929993992891 3606.83333333331 0.0882405830310118 0.318236516792474
2L CYLD FBgn0032210 FBtr0080070 2095 63 0.018496649318868 434.793722999999 28 0.00129639293908226 1482.206277 24 0.0551935607512458 434.833333333332 6 0.00404812774091982 1482.16666666667 0.0028350099226204 -0.777777777777778
2L spz4 FBgn0032362 FBtr0305261 2954 87 0.0344664389904639 440.070515666665 66 0.00369975881497326 1350.92916933334 34 0.0775886659693831 438.208333333332 26 0.0192195152000492 1352.79166666667 0.101593828551289 0.00795755968169765
2L Prosalpha6T FBgn0032492 FBtr0080448 1020 40 0.0254291532712967 204.4135 17 0.001125952323402 662.586499999999 25 0.122599100939926 203.916666666667 15 0.022621591051904 663.083333333333 0.113373286053887 0.291666666666667
2L fon FBgn0032773 FBtr0081222 2276 50 0.0166547640558859 430.522220666665 37 0.00261412843315003 1300.47777933333 36 0.0832209593527261 432.583333333332 20 0.0161735447018805 1298.41666666667 0.0270549808520759 -332
2R Myd88 FBgn0033402 FBtr0088598 2758 37 0.014919479966662 374.472769166666 25 0.000493247220143239 1236.52723083333 32 0.0853523005112249 374.916666666666 1 0.000809006943976268 1236.08333333333 -0.0226131460205319 -20.6216216216216
2R Mmp2 FBgn0033438 FBtr0088501 4156 46 0.00815235668814271 530.871786999998 32 0.00128586948394187 1743.128213 44 0.0881594372801879 533.124999999998 42 0.0241570206341217 1738625 0.0788393840344544 0.271221532091097
2R SP2353 FBgn0034070 FBtr0087209 5514 184 0.0224240456169972 950.578595833341 96 0.00165226979411163 3132.38840416665 66 0.0713395842895542 953.187500000008 38 0.0131139675749156 3126.43749999998 0.0866538812427955 0.093821510297483
2R Gbp FBgn0034199 FBtr0086986 453 11 0.0207580539879986 88.9905 15 0.00590837180122088 265.0095 4 0.0452830188679245 88.3333333333333 6 0.0225846925972397 265.666666666667 0.111209275827477 0.0909090909090909
2R CG10764 FBgn0034221 FBtr0086919 1700 23 0.00523465493088625 370.547646666666 35 0.00282809901762963 1198.43735333333 38 0.122206506364922 368.229166666666 150 0.130323546304193 1197.02083333333 0.16531051049471 0.614492753623188
2R Atg7 FBgn0034366 FBtr0086712 2395 89 0.0257862504048891 469.986754666665 74 0.00436350337346252 1582.12708033334 65 0.137857900318134 471.499999999999 20 0.012654223347042 1580.5 -0.060653216416094 -1.70224719101124
2R Toll-7 FBgn0034476 FBtr0086336 6396 193 0.0245511807297745 1070.11050833334 36 0.000604569803974941 3267.88949166665 58 0.0552348260259009 1068.16666666667 3 0.00122330394005811 3269.83333333331 -0.00236561153896167 -2.60621761658031
2R Mgat1 FBgn0034521 FBtr0086259 2822 67 0.0294152097644692 330.285325 14 0.000685659530444464 1043.714675 22 0.0663983903420523 331.333333333333 3 0.00287723785166241 1042.66666666666 0.0187544618009723 -0.532338308457712
2R RYBP FBgn0034763 FBtr0071868 2064 15 0.0159674902436952 108806 1 0.000149220598178365 341194 3 0.0275019098548511 109.083333333333 1 0.00293326814959667 340.916666666667 0.0871188084296609 0.8
2R CG13559 FBgn0034870 FBtr0072057 870 17 0.0224551766471137 80.925645 19 0.00771453262514282 261.074355 9 0.109311740890688 82.3333333333333 6 0.0231065468549422 259.666666666667 -0.0812079286432563 -0.676470588235294
2R enok FBgn0034975 FBtr0072250 7137 233 0.0212581416852919 1529.03318133332 102 0.00144994114463806 5343.96681866668 113 0.07377383640271 1531.70833333332 41 0.00767604590025819 5341.29166666668 0.0303912423179779 -0.206531979482885
2R Mmp1 FBgn0035049 FBtr0273263 3105 31 0.00506525555718854 421.794604999999 14 0.0002417706648986 1330.205395 42 0.0995457238791233 421.916666666666 4 0.00300733036777144 1330.08333333333 -0.0162320819807593 -3.74193548387097
2R spz6 FBgn0035056 FBtr0072370 1647 20 0.0057720765639757 318.895333333333 13 0.00131853775141324 956.104666666665 25 0.0816753926701571 318.333333333333 6 0.00627177700348433 956.666666666665 -0.114642356342061 -1.70833333333333
3L mthl2 FBgn0035623 FBtr0077088 2035 56 0.0124330640696931 352.993781666666 73 0.00574852620601101 1200.99114333333 31 0.0933411903358871 353.541666666666 57 0.0483450838745528 1199.70833333333 0.0250392851992648 0.291040100250627
3L PGRP-LF FBgn0035977 FBtr0076439 1355 34 0.0165244735521487 253.896353666667 41 0.00654401885721539 853.088646333332 31 0.120955942123232 256.291666666667 25 0.0305627663221825 850.708333333332 -0.0819682637345771 -0.495294117647059
3L mop FBgn0036448 FBtr0075700 5961 174 0.0211919825149793 1320.57157233333 104 0.00188349543073124 4178.42640566664 104 0.078604270328148 1323.08333333333 28 0.00670511464548707 4175.91666666664 -0.00302562650303907 -1.2200328407225
3L TSG101 FBgn0036666 FBtr0075329 1757 24 0.00821512753233891 298333 15 0.00115203333607579 925.666999999998 37 0.123367602111698 299.916666666667 16 0.0173285198555957 923.333333333332 0.000176345886133258 -0.4453125
3L Adgf-A FBgn0036752 FBtr0075190 2588 26 0.0145811336022375 392.917125833332 21 0.00144985603381506 1266.06794916667 36 0.0941975177681131 392.791666666666 12 0.00947711342920135 1266.20833333333 0.000971245986462504 -1.42307692307692
3L Grasp65 FBgn0036919 FBtr0074895 1797 18 0.00783519256150115 359.551333333333 13 0.0023637539517763 1020.44866666667 44 0.125290023201856 359.166666666666 11 0.0117551020408163 1020.83333333333 -0.145989109133246 -1.88888888888889
3R dgrn FBgn0037384 FBtr0078638 1632 6 0.00244463747227881 231.348666666667 9 0.00124411990540208 725.636333333333 18 0.0777817788980914 231.416666666667 43 0.0592626622257954 725.583333333333 0.0951604564144138 0.372093023255814
3R wntD FBgn0038134 FBtr0082775 1147 27 0.0126815501320671 214.192833333334 16 0.000891887793387335 712.807166666666 18 0.0839486980178779 214.416666666667 5 0.00701672319027015 712.583333333333 0.0114278396475745 -1.13333333333333
3R foxo FBgn0038197 FBtr0305052 3708 75 0.0169547388958833 427.919100666665 26 0.000812726802636853 1438.08089933334 32 0.0746355685131199 428.749999999998 8 0.00556618542355191 1437.25 0.0236598747374204 -0.386666666666667
3R Spn88Eb FBgn0038299 FBtr0083140 1431 29 0.00817444474969244 286.578578666667 24 0.000706891990672123 991.421421333332 34 0.122520420070012 285.666666666667 42 0.0433649886545089 991.583333333332 0.181822356267761 0.330049261083744
3R GATAe FBgn0038391 FBtr0083218 3086 71 0.0167366194532538 519.545753333332 34 0.0013416157456571 1718.45424666667 43 0.0845341018251684 520.499999999999 35 0.0209698558322411 1716.75 0.124547295319501 0.411670020120724
3R MED25 FBgn0038760 FBtr0083825 2766 89 0.0205959385148237 539.396999999998 24 0.000470530640717085 2049.60300000001 63 0.11859172328598 539.666666666664 5 0.00243981782693558 2049.33333333334 -0.00217699566846365 -2.39775280898876
3R p53 FBgn0039044 FBtr0084360 1870 58 0.017495474009071 329.763635333333 45 0.00236101416247958 1155.23636466667 26 0.0819423368740517 329.5 48 0.0415404586758979 1155.5 0.217502939175274 0.579741379310345
3R Nup98-96 FBgn0039120 FBtr0084460 6624 211 0.020299360425817 1414.50901941866 88 0.00108349302327392 4465.49098058131 103 0.0727808037685856 1415.20833333333 46 0.0103028323456675 4464.79166666665 0.0733344393869437 0.0661446527920875
3R Gp93 FBgn0039562 FBtr0085254 2841 124 0.0278028220254485 523.588923333332 22 0.000436530464641841 1837.41107666668 30 0.059033563437277 525.124999999998 8 0.00435759515217537 1835.87500000001 0.0532831389408363 0.334677419354839
3R Cad99C FBgn0039709 FBtr0085488 5795 249 0.0231741631259816 1239.8608795 81 0.000654374112799084 3878.13523249997 61 0.0491704171424733 1240.58333333333 7 0.00180532571084702 3877.41666666663 0.00795360523681598 -1.83476764199656
3R Npc2g FBgn0039800 FBtr0085723 659 39 0.04977994260279 116492 6 0.00186333451684845 360508 5 0.0431034482758621 116 6 0.0166204986149584 361 0.242207811646418 0.871794871794872
2L Trx-2 FBgn0040070 FBtr0079839 1338 11 0.0220873891002561 71828 1 0.000128580255426058 246172 3 0.0415704387990762 72.1666666666667 2 0.00813559322033899 245.833333333333 0.157886423631519 0.863636363636364
2R POSH FBgn0040294 FBtr0086828 3169 50 0.00773805296348087 600.884492333333 43 0.00120951164569234 1913.11550766667 39 0.0665372886054893 601.166666666667 15 0.00836455519735119 1912.83333333334 -0.0235041939938737 -1236
2R Dip3 FBgn0040465 FBtr0086734 1471 36 0.032965031407826 239439 8 0.000461860029065441 804.560999999999 13 0.0541666666666666 240 15 0.0186567164179105 803.999999999999 0.242374269449965 0.807407407407407
2R Alk FBgn0040505 FBtr0087118 8655 304 0.0362352678509933 1233635 31 0.000232053225566168 3869.36499999998 93 0.0753901236235898 1233.58333333333 7 0.00180905821290893 3869.41666666664 0.017070325108413 -0.354793233082707
3L armi FBgn0041164 FBtr0100641 4134 93 0.0121453350941967 825.380618333336 50 0.00133386241614876 2738.61891666666 69 0.0848206396889907 825.270833333336 85 0.0310618114822118 2736.47916666666 0.169088752801005 0.563567362428842
2R tamo FBgn0041582 FBtr0072281 4162 56 0.00847841230740313 583.729020833332 57 0.00143334209059672 1807.27097916667 56 0.10117176336096 583.166666666666 40 0.0221259334378168 1807.83333333334 0.0348409802067083 -425
3L Tsp68C FBgn0043550 FBtr0075751 1564 40 0.0246241005202984 261.463948333334 23 0.0024587263296761 824.536051666666 24 0.0910815939278936 263.500000000001 5 0.00607902735562311 822.499999999999 -0.0282186577432311 -1.76
3R Naam FBgn0051216 FBtr0083786 1817 44 0.0192278901948786 241.782316666667 9 0.000331575770156465 829.217683333332 14 0.0578114246386785 242.166666666667 2 0.00241303036396542 828.833333333332 0.0231150950330554 -0.431818181818182
2L pog FBgn0051660 FBtr0304909 3644 159 0.0310809957711715 694.741462500002 74 0.002532717479827 2158.24599150001 21 0.0301724137931034 696.000000000002 4 0.00185442744552619 2157.00000000001 -0.0174454546764933 -1.44339622641509
3R pxb FBgn0053207 FBtr0083162 3024 58 0.0148226168057474 463.604038333332 29 0.00069770713513275 1444.38055666667 22 0.0474905558553698 463.249999999999 7 0.0048451289150372 1444.75 0.0476235031404412 -0.571428571428571
X upd3 FBgn0053542 FBtr0113465 2221 61 0.0295122250097817 292.891329333333 19 0.00195801287899657 910.108670666665 22 0.0751761942051684 292.645833333333 19 0.0208968219416631 909.229166666665 0.155291869591759 0.639344262295082
2L Pvf3 FBgn0085407 FBtr0112612 3486 24 0.00910038209603165 314.35111 35 0.00206227838612107 1131.648575 3 0.0095440084835631 314.333333333333 4 0.00353460972017674 1131.66666666666 0.0855107243721503 -0.09375
2L nub FBgn0085424 FBtr0112642 4497 122 0.0153272278030279 682.995588500002 87 0.00164289400574307 2200.0044115 28 0.0409207161125319 684.250000000002 15 0.00682205798749288 2198.75 0.0460809747732739 -0.331147540983607
3R poly FBgn0086371 FBtr0082772 1157 26 0.014740942100504 177313 12 0.00120786770125664 575687 12 0.0675739089629282 177.583333333333 5 0.00868935553946415 575.416666666667 0.0382049064355579 -0.107692307692308
2R shrb FBgn0086656 FBtr0088623 1267 10 0.0129265363518598 142.659536833333 3 7.82298144598583e-05 535.340463166667 15 0.105017502917153 142.833333333333 3 0.00560573030208657 535.166666666667 0.0446586049844367 -0.5
3L sls FBgn0086906 FBtr0332674 56489 2121 0.0231423864885701 12367.8157147726 1698 0.00246306107246704 43035.9898984267 772 0.0628257434615425 12367.5416666677 502 0.0119439864216553 43034.2083333316 0.0635507542614372 -0.231148954394586
3L AGO2 FBgn0087035 FBtr0075560 4117 22 0.00215921117369802 833.724000000004 11 0.000446466380058797 2817.27599999999 79 0.0984319903968785 833.062500000004 140 0.0518316359360094 2816.81249999999 0.17359432830291 0.717857142857143
3R puc FBgn0243512 FBtr0081792 2919 14 0.00457095386339646 347.747833333333 13 0.000649013268430989 1080.25216666666 16 0.0460321265883481 347.583333333333 7 0.00647898187427691 1080.41666666666 -0.000949754670367661 -1.12244897959184
X alpha-Man-I FBgn0259170 FBtr0299633 4102 133 0.0393846426951817 494.513468999998 29 0.000550605472108776 1557.322623 28 0.0565489965077631 495.145833333331 8 0.00578088827630503 1556.85416666667 0.0789591984162047 0.236842105263158
2L dl FBgn0260632 FBtr0081007 4724 83 0.0214530124987882 690.246333333334 44 0.00102284946238681 2306.75366666667 59 0.0852549822385453 692.041666666667 19 0.0086769464379327 2304.95833333334 0.0468660372452718 -0.646163601775523
3L th FBgn0260635 FBtr0075499 1870 28 0.00783975421073084 315.997666666667 9 0.00119470112618627 998.002333333331 22 0.0694736842105263 316.666666666667 21 0.0210561497326204 997.333333333331 0.100349651431602 0.663265306122449
3R mfas FBgn0260745 FBtr0082498 2962 73 0.0186890515712415 650.578869333334 46 0.000856250323709 2064.42113066667 49 0.0753942813181176 649.916666666668 5 0.00242120979782897 2065.08333333334 -0.0126937450856831 -5.17534246575342
3R ird1 FBgn0260935 FBtr0081986 4239 63 0.00850154212101001 971.244333333339 39 0.000340743006838205 3054.75566666666 115 0.118201284796573 972.916666666672 5 0.00196522641045938 3053.08333333332 -0.0221814338194791 -13.2380952380952
3L scny FBgn0260936 FBtr0307975 4470 2 0.000619785238116991 683.163333333335 5 0.000236677500086838 2244.83666666667 2 0.00292897241884305 682.833333333335 3 0.00133620369683022 2245.16666666667 0.0369391653379836 -0.666666666666667
3L rgn FBgn0261258 FBtr0309230 3942 23 0.00421640164703952 519.864824999996 23 0.000805926258468434 1904.13517500001 66 0.126720000000001 520.833333333329 17 0.0089324809527979 1903.16666666668 -0.0946203976150348 -2.88235294117647
3L NT1 FBgn0261526 FBtr0301608 3873 136 0.0211809886637554 753.9606405 107 0.00202601974306317 2372.0393595 35 0.0463780918727915 754.666666666667 24 0.0101208883890919 2371.33333333334 0.0918319366159394 -0.147365196078431
2L Thor FBgn0261560 FBtr0077524 755 19 0.0161371274453975 90.6683333333333 2 7.68411647258e-05 260.331666666667 7 0.076923076923077 90.9999999999999 1 0.00384615384615385 260 0.042879852263888 0.263157894736842
3L kug FBgn0261574 FBtr0332722 14221 94 0.00204426221696261 3239.31743033339 112 0.000521200207706948 10857.6825696666 279 0.0863642205372044 3242.08333333339 52 0.00488291746641079 10854.1666666666 -0.149647233118434 -5.39279869067103
3L Dhc64C FBgn0261797 FBtr0332750 14401 692 0.0331145179427734 3272.99848866672 28 0.000147637172438421 10710.0015113333 216 0.0660247592847306 3271.50000000006 6 0.000560145637865849 10711.4999999999 0.00397390877277013 -0.456647398843931
2L LanB1 FBgn0261800 FBtr0079490 6235 301 0.0324273495149903 1218.11643833333 31 0.000105863127991763 4145.88356166662 86 0.070607553366174 1218 13 0.00313555233960447 4145.99999999996 0.0392659371124414 0.318681318681319
3R Gprk2 FBgn0261988 FBtr0085788 4690 37 0.0039293393108056 478.173499999998 10 0.00022899461066842 1663.82650000001 21 0.0439024390243904 478.333333333331 2 0.00120216389501102 1663.66666666667 -0.0284160379163205 -1.83783783783784
2R Acsl FBgn0263120 FBtr0333001 3061 50 0.0087604382342494 516.138999999998 6 0.0001163976915419 1667861 39 0.0754352030947778 516.999999999998 2 0.0011997600479904 1667 0.00254299771030879 -1.34
2R Ark FBgn0263864 FBtr0086968 4824 115 0.0133547954101153 973.251859000006 97 0.00138560157721254 3346.74814099998 73 0.0749743238616907 973.666666666673 101 0.0304811236178904 3346.33333333331 0.195042376346645 0.390357296599225
2L sick FBgn0263873 FBtr0329845 9210 276 0.019826388008717 1970.09544316664 113 0.00134475795853739 6150.9045568334 135 0.0683948323904425 1973.83333333331 14 0.00227747200607324 6147.16666666673 -0.0312926237594009 -2.94798136645963
2R Cyt-b5 FBgn0264294 FBtr0088905 830 9 0.00848566047610217 85.8325166666667 4 0.000327426384887956 316.167483333333 7 0.0807692307692308 86.6666666666667 3 0.00951374207188161 315.333333333333 0.0682246322014312 -0.037037037037037
3R Atg6 FBgn0264325 FBtr0084590 1493 39 0.0200237645136343 280074 11 0.000171804823387231 985.925999999998 25 0.0892325996430695 280.166666666667 2 0.00202874049027896 985.833333333331 0.0137229546401156 -2.52564102564103
